1183 0 0.108709
50 100
1 8 17 29 33 35 38 39 47 49 
0 17 19
1 49 3
2 17 20
3 39 15
4 35 6
5 38 7
6 39 14
7 8 9
8 39 25
9 1 4
10 49 14
11 38 15
12 47 20
13 33 13
14 38 21
15 1 12
16 1 21
17 29 12
18 35 5
19 1 5
20 17 8
21 33 6
22 35 19
23 29 9
24 35 12
25 47 15
26 35 12
27 17 20
28 8 18
29 17 7
30 17 13
31 39 14
32 38 1
33 8 5
34 33 19
35 17 4
36 35 22
37 1 15
38 49 5
39 17 10
40 49 9
41 1 14
42 8 1
43 39 14
44 49 24
45 47 4
46 39 10
47 8 14
48 38 6
49 35 15
50 47 13
51 33 3
52 49 15
53 38 14
54 47 10
55 17 12
56 8 20
57 8 11
58 8 25
59 8 4
60 49 25
61 33 15
62 29 13
63 39 10
64 38 13
65 17 2
66 29 10
67 8 10
68 1 16
69 33 9
70 8 15
71 38 8
72 35 20
73 17 23
74 39 7
75 33 13
76 33 11
77 1 1
78 8 10
79 47 1
80 35 6
81 8 12
82 29 8
83 39 13
84 29 10
85 47 11
86 38 18
87 35 13
88 49 1
89 29 13
90 29 16
91 29 6
92 49 14
93 8 21
94 39 3
95 49 10
96 1 6
97 38 13
98 33 7
99 38 18
# data
100 50
12 73 10
29 15 23
21 61 28
70 71 24
86 15 31
54 53 29
64 97 30
80 69 23
99 88 23
40 75 23
21 22 36
46 55 9
20 91 17
69 13 11
42 40 35
40 64 7
23 75 16
3 31 10
88 25 33
47 71 23
0 49 19
59 10 3
94 38 40
4 43 36
83 33 8
26 90 26
87 9 2
15 72 19
97 47 36
8 57 39
8 69 7
88 85 17
62 52 29
82 66 28
67 32 31
2 53 19
95 41 9
59 77 29
37 11 37
0 67 3
23 17 14
58 71 29
88 63 16
60 87 33
8 7 24
43 100 24
80 77 24
95 75 18
64 57 29
77 34 4
27 98 26
53 15 28
35 28 5
50 41 17
42 87 2
1 45 10
86 43 27
92 73 38
100 85 19
83 61 15
7 7 17
62 2 1
20 50 10
71 96 40
71 60 20
3 58 10
15 29 8
80 71 4
60 75 10
52 25 27
86 48 34
53 54 34
99 36 6
9 79 6
81 89 36
52 29 3
63 7 17
45 77 8
90 53 28
39 96 9
87 15 37
99 59 22
21 43 7
85 93 4
5 46 10
51 98 36
79 45 27
72 17 5
32 12 36
2 32 32
27 48 38
7 42 13
25 26 26
96 43 17
75 83 30
28 3 35
42 82 26
56 38 38
50 11 35
43 51 30
42 16 422
44 76 422
32 66 422
30 5 422
5 52 422
6 93 422
45 70 422
72 48 422
87 63 422
61 92 422
73 49 422
53 20 422
98 58 422
59 29 422
99 61 422
83 8 422
84 74 422
1 57 422
6 15 422
55 2 422
73 13 422
47 76 422
15 42 422
44 12 422
15 17 422
16 17 422
2 10 422
99 8 422
28 44 422
13 39 422
76 93 422
59 96 422
11 55 422
56 16 422
56 22 422
85 21 422
32 40 422
47 93 422
61 51 422
74 86 422
5 12 422
32 7 422
43 30 422
53 23 422
1 10 422
33 26 422
35 40 422
40 97 422
69 23 422
32 13 422
