3537 0 2.93013
100 300
1 15 22 33 45 54 55 84 87 89 
0 45 12
1 55 4
2 54 9
3 89 7
4 55 17
5 54 8
6 15 11
7 89 15
8 87 14
9 15 14
10 54 10
11 87 7
12 54 7
13 87 4
14 55 12
15 89 23
16 87 18
17 55 3
18 54 8
19 87 22
20 22 18
21 45 13
22 55 8
23 33 9
24 54 6
25 54 7
26 55 6
27 22 7
28 15 21
29 22 14
30 55 18
31 54 5
32 22 8
33 22 25
34 45 12
35 55 8
36 15 9
37 22 21
38 54 2
39 22 9
40 45 17
41 15 13
42 89 8
43 54 21
44 89 6
45 55 19
46 33 16
47 33 12
48 87 17
49 45 11
50 1 5
51 89 3
52 87 8
53 55 6
54 45 10
55 84 13
56 87 21
57 1 8
58 22 2
59 89 12
60 1 11
61 87 15
62 55 3
63 89 13
64 22 23
65 55 5
66 15 14
67 89 5
68 84 10
69 54 12
70 55 4
71 1 16
72 55 13
73 45 17
74 55 5
75 15 5
76 15 20
77 22 17
78 22 8
79 1 15
80 84 14
81 15 11
82 54 9
83 1 13
84 15 17
85 55 4
86 89 11
87 33 10
88 87 21
89 89 9
90 84 14
91 54 12
92 54 10
93 54 11
94 33 9
95 15 10
96 87 18
97 22 1
98 89 8
99 45 0
100 1 7
101 45 12
102 84 10
103 22 18
104 22 25
105 84 8
106 54 14
107 22 12
108 45 9
109 15 15
110 89 2
111 55 15
112 22 15
113 89 8
114 54 12
115 22 15
116 22 13
117 89 7
118 22 15
119 54 2
120 22 6
121 45 14
122 22 13
123 45 2
124 87 19
125 33 8
126 33 6
127 22 14
128 1 7
129 1 15
130 1 13
131 33 7
132 84 16
133 55 6
134 15 20
135 22 3
136 1 7
137 87 18
138 84 9
139 55 11
140 45 9
141 1 11
142 22 23
143 1 14
144 84 12
145 54 11
146 87 13
147 54 15
148 84 6
149 55 20
150 33 7
151 54 13
152 54 10
153 87 20
154 55 6
155 87 16
156 55 13
157 33 14
158 55 14
159 55 12
160 87 13
161 45 14
162 1 8
163 33 11
164 1 16
165 54 22
166 84 5
167 22 10
168 22 21
169 33 9
170 33 14
171 15 15
172 1 11
173 1 13
174 22 12
175 22 11
176 87 18
177 22 1
178 55 23
179 15 17
180 45 13
181 15 17
182 55 17
183 15 17
184 87 16
185 87 9
186 89 11
187 89 4
188 22 6
189 15 9
190 84 3
191 54 15
192 54 11
193 54 24
194 87 9
195 15 4
196 33 8
197 1 5
198 87 5
199 84 10
200 89 18
201 1 4
202 87 18
203 87 5
204 89 14
205 1 14
206 87 8
207 45 13
208 33 15
209 89 14
210 87 15
211 87 19
212 22 14
213 45 17
214 45 15
215 15 9
216 15 14
217 54 11
218 15 12
219 1 7
220 1 17
221 55 8
222 22 29
223 1 16
224 33 15
225 15 20
226 54 10
227 87 12
228 45 6
229 33 14
230 84 7
231 33 8
232 15 15
233 1 1
234 45 16
235 55 19
236 22 21
237 55 5
238 22 25
239 55 15
240 15 4
241 87 8
242 55 9
243 22 12
244 45 16
245 55 17
246 22 18
247 22 16
248 84 18
249 84 16
250 87 7
251 45 12
252 1 9
253 89 15
254 22 12
255 1 10
256 87 8
257 22 3
258 33 11
259 45 11
260 54 8
261 84 4
262 1 13
263 22 17
264 89 10
265 33 4
266 22 4
267 22 19
268 55 9
269 45 10
270 55 20
271 22 12
272 15 13
273 45 15
274 1 10
275 22 19
276 22 15
277 45 9
278 54 11
279 54 5
280 84 5
281 1 9
282 89 15
283 55 18
284 84 2
285 54 25
286 55 8
287 33 10
288 84 8
289 1 8
290 54 14
291 45 17
292 55 18
293 33 4
294 87 13
295 54 5
296 15 12
297 55 14
298 55 15
299 84 17
# data
300 100
21 69 16
44 29 18
57 73 37
85 84 5
45 13 15
58 79 25
5 26 11
96 100 20
72 58 5
25 24 19
65 65 31
88 53 8
69 82 7
82 44 15
28 33 23
73 99 35
100 40 21
43 31 21
65 67 35
61 43 33
70 31 21
29 52 31
48 29 39
54 62 31
63 81 19
59 76 23
39 36 14
82 9 33
27 2 17
90 12 2
58 31 24
65 80 1
82 7 32
98 26 20
7 64 34
48 33 12
5 23 33
57 3 37
64 73 29
72 22 11
0 58 11
15 4 32
91 93 6
56 94 6
86 88 4
33 12 38
31 67 14
33 59 23
100 53 15
27 63 35
40 82 40
92 88 32
87 41 6
35 26 5
21 67 24
17 85 20
99 33 27
41 78 22
74 15 39
80 82 1
25 81 24
90 34 22
37 31 24
94 98 32
96 25 40
45 30 14
9 3 3
95 80 9
10 75 17
54 79 27
44 29 26
52 88 16
43 43 23
20 40 13
36 33 35
8 21 24
25 1 1
87 27 21
70 19 11
41 100 13
4 98 7
1 13 23
62 84 31
36 98 19
20 2 8
36 31 3
93 74 19
40 68 6
64 38 26
100 90 39
0 70 10
78 79 23
58 81 37
77 76 25
43 68 30
12 27 18
87 66 40
75 14 13
100 81 31
17 57 12
29 84 34
27 49 22
13 79 10
91 23 24
98 0 38
9 91 11
72 88 20
88 17 12
26 54 1
8 2 40
91 83 34
38 15 40
90 7 10
100 82 19
70 87 14
68 26 27
66 4 39
99 85 23
91 11 11
68 74 4
79 7 24
3 52 31
64 6 23
19 59 5
66 39 25
37 57 1
49 54 38
87 22 3
42 80 11
21 88 20
48 92 7
43 66 27
8 100 20
44 25 37
25 1 40
74 10 12
36 78 33
83 66 12
1 75 3
45 20 23
23 64 23
25 81 32
64 33 8
36 71 16
12 93 2
67 86 23
96 48 29
81 72 35
10 86 27
44 10 11
39 54 1
79 77 32
56 77 35
63 46 33
39 24 2
72 36 13
27 35 34
50 73 23
29 40 29
28 33 5
88 60 5
9 45 25
30 91 17
44 70 12
29 70 38
57 96 11
9 86 26
70 22 16
91 28 24
54 57 16
34 49 28
15 2 20
39 74 8
24 80 16
64 16 35
86 18 2
90 65 8
77 14 33
35 7 40
23 31 33
16 70 13
19 1 37
56 22 20
7 34 28
67 44 31
82 57 11
82 91 20
96 86 10
73 19 7
15 8 13
2 87 22
53 83 12
73 84 24
70 99 31
74 45 18
13 13 30
49 52 2
39 90 5
79 45 23
12 90 32
99 68 31
32 84 8
96 61 27
81 43 6
99 98 2
23 92 10
87 55 37
12 44 3
34 70 14
97 99 12
86 33 27
65 40 26
84 25 29
18 40 35
29 67 20
21 15 1
25 23 7
73 66 10
16 29 35
38 78 17
24 98 25
40 38 35
50 0 2
22 77 20
36 47 24
20 36 3
76 78 10
74 57 30
19 63 38
56 50 34
10 89 5
49 52 12
26 10 14
36 86 18
17 41 24
44 11 15
97 9 35
44 27 28
54 1 13
55 31 30
8 19 22
82 40 12
43 21 35
82 24 17
26 43 21
57 29 25
60 4 2
89 3 15
14 100 38
1 68 32
88 54 4
23 46 11
32 94 22
98 71 40
76 1 7
46 81 16
80 56 20
77 16 36
43 48 27
26 50 1
58 79 39
1 87 4
49 90 9
79 30 2
90 75 32
45 63 15
76 9 22
63 27 11
34 23 1
27 60 33
39 10 9
68 3 25
16 30 22
2 62 3
26 89 22
94 6 23
86 1 8
10 64 13
55 71 11
62 72 22
8 88 13
45 86 24
93 100 31
48 13 9
2 86 15
67 100 24
33 35 35
41 49 18
12 80 25
35 93 29
70 61 3
19 74 24
56 40 18
41 59 40
70 44 4
67 70 39
15 29 6
53 24 9
42 15 27
18 94 24
63 85 1208
36 85 1208
66 53 1208
75 17 1208
68 12 1208
26 92 1208
89 98 1208
46 82 1208
16 32 1208
20 65 1208
75 69 1208
45 81 1208
70 22 1208
52 69 1208
6 44 1208
12 17 1208
38 16 1208
19 40 1208
77 86 1208
78 84 1208
96 67 1208
28 34 1208
76 13 1208
45 90 1208
100 67 1208
50 56 1208
68 11 1208
10 20 1208
88 38 1208
80 77 1208
52 25 1208
38 83 1208
27 49 1208
45 59 1208
79 18 1208
92 40 1208
83 32 1208
40 45 1208
94 100 1208
45 39 1208
24 44 1208
38 56 1208
53 23 1208
27 14 1208
14 74 1208
17 57 1208
57 12 1208
74 67 1208
8 36 1208
66 21 1208
79 39 1208
79 85 1208
86 28 1208
66 92 1208
66 75 1208
40 30 1208
55 83 1208
36 2 1208
65 8 1208
52 67 1208
3 53 1208
42 43 1208
19 82 1208
22 17 1208
73 59 1208
52 92 1208
79 98 1208
11 31 1208
17 20 1208
43 7 1208
36 72 1208
89 76 1208
12 30 1208
61 21 1208
85 41 1208
96 97 1208
59 15 1208
70 68 1208
6 94 1208
20 55 1208
75 98 1208
25 49 1208
100 9 1208
75 13 1208
4 84 1208
30 96 1208
19 37 1208
83 48 1208
80 99 1208
92 85 1208
19 86 1208
10 22 1208
70 33 1208
89 36 1208
28 24 1208
58 27 1208
1 13 1208
59 91 1208
48 48 1208
54 36 1208
