1153 0 0.0728073
50 70
0 3 44 46 49 
0 49 22
1 3 11
2 49 18
3 44 17
4 0 8
5 46 25
6 46 29
7 44 8
8 44 19
9 46 4
10 3 16
11 46 21
12 46 28
13 0 22
14 3 17
15 46 12
16 46 21
17 49 21
18 0 3
19 46 5
20 49 5
21 3 25
22 0 16
23 49 9
24 0 13
25 46 22
26 0 13
27 49 22
28 0 25
29 49 5
30 49 17
31 44 12
32 46 30
33 44 8
34 0 25
35 49 3
36 0 19
37 46 15
38 3 12
39 49 15
40 3 15
41 46 14
42 44 10
43 46 19
44 3 33
45 46 24
46 44 8
47 44 8
48 46 27
49 0 17
50 46 27
51 3 17
52 3 5
53 3 22
54 46 11
55 49 8
56 0 21
57 44 5
58 44 17
59 44 12
60 3 34
61 3 32
62 49 15
63 44 28
64 44 20
65 49 6
66 3 22
67 44 7
68 46 16
69 3 15
# data
70 50
12 73 35
29 15 20
21 61 22
70 71 22
86 15 40
54 53 15
64 97 4
80 69 32
99 88 33
40 75 36
21 22 21
46 55 12
20 91 25
69 13 3
42 40 19
40 64 31
23 75 36
3 31 21
88 25 16
47 71 39
0 49 35
59 10 7
94 38 40
4 43 24
83 33 9
26 90 18
87 9 35
15 72 38
97 47 3
8 57 19
8 69 21
88 85 39
62 52 32
82 66 19
67 32 29
2 53 8
95 41 14
59 77 6
37 11 1
0 67 13
23 17 11
58 71 20
88 63 4
60 87 17
8 7 11
43 100 11
80 77 39
95 75 18
64 57 30
77 34 34
27 98 12
53 15 2
35 28 17
50 41 33
42 87 23
1 45 16
86 43 20
92 73 5
100 85 18
83 61 21
7 7 10
62 2 23
20 50 28
71 96 24
71 60 31
3 58 29
15 29 30
80 71 23
60 75 23
52 25 23
90 22 599
42 25 599
88 17 599
37 23 599
82 56 599
47 6 599
100 89 599
19 65 599
2 45 599
90 97 599
15 42 599
71 69 599
78 46 599
20 72 599
92 7 599
34 72 599
39 82 599
60 59 599
59 43 599
72 10 599
63 68 599
11 41 599
4 24 599
67 95 599
46 37 599
41 1 599
24 100 599
48 23 599
18 9 599
23 66 599
83 85 599
13 12 599
89 6 599
40 19 599
69 22 599
93 53 599
15 9 599
23 89 599
65 10 599
90 79 599
95 32 599
64 42 599
75 87 599
63 95 599
87 73 599
42 16 599
44 76 599
32 66 599
30 5 599
5 52 599
