1519 0 0.113005
50 100
2 31 37 47 48 
0 47 3
1 47 19
2 48 2
3 2 20
4 2 23
5 2 20
6 37 22
7 47 5
8 47 19
9 48 20
10 48 18
11 48 29
12 48 8
13 48 5
14 2 17
15 37 19
16 48 10
17 2 3
18 37 11
19 37 2
20 47 16
21 2 23
22 48 10
23 2 21
24 48 10
25 2 21
26 2 20
27 48 17
28 31 26
29 48 22
30 31 10
31 2 11
32 2 10
33 47 18
34 47 19
35 47 7
36 2 19
37 48 13
38 37 3
39 48 27
40 47 19
41 47 3
42 48 14
43 2 13
44 48 20
45 2 14
46 2 4
47 48 14
48 47 7
49 47 5
50 2 24
51 2 21
52 31 5
53 47 7
54 48 22
55 2 21
56 31 19
57 31 7
58 2 2
59 48 6
60 48 10
61 31 12
62 31 19
63 2 20
64 2 8
65 37 6
66 37 27
67 37 3
68 2 17
69 37 11
70 31 12
71 2 14
72 48 17
73 31 26
74 2 15
75 31 19
76 37 13
77 37 24
78 48 25
79 31 18
80 48 24
81 2 20
82 48 22
83 48 8
84 2 15
85 47 19
86 48 17
87 48 8
88 47 17
89 31 24
90 2 21
91 31 23
92 37 18
93 37 13
94 2 24
95 48 14
96 48 34
97 31 14
98 2 12
99 47 11
# data
100 50
19 10 8
36 20 27
80 67 2
33 28 38
59 53 31
26 30 27
27 70 21
20 2 8
12 24 28
66 83 1
96 67 21
90 93 15
71 62 11
77 71 6
20 56 20
32 85 16
72 57 27
39 47 6
22 95 8
12 86 25
20 23 5
42 25 21
88 64 5
55 58 15
83 57 11
15 46 6
51 62 16
90 53 22
77 39 26
56 61 3
61 13 9
47 49 2
27 42 32
3 10 11
40 8 15
21 0 30
39 67 28
76 53 4
16 90 18
100 49 32
2 2 39
19 4 12
84 53 40
39 35 33
98 60 23
26 58 19
34 52 14
92 68 13
17 1 3
24 2 3
54 65 23
53 61 40
74 18 22
16 1 21
100 69 20
18 60 7
81 30 19
65 9 14
38 50 4
78 72 25
77 76 23
68 25 21
88 4 17
56 43 6
40 55 33
10 82 21
6 61 36
16 88 4
33 65 6
14 99 17
68 25 34
37 34 25
63 74 37
87 34 8
49 56 18
64 31 14
2 96 15
11 64 20
72 91 28
63 30 13
84 42 13
55 41 3
78 44 31
85 70 20
22 41 6
6 19 18
91 77 36
74 74 23
30 22 16
95 8 23
35 27 21
48 8 8
13 70 21
19 76 20
42 72 17
87 77 40
100 39 29
57 12 14
24 51 16
10 8 1
86 26 729
73 39 729
36 48 729
69 88 729
31 32 729
53 34 729
30 22 729
50 95 729
68 78 729
53 48 729
25 81 729
0 71 729
37 2 729
98 23 729
69 74 729
55 65 729
33 40 729
73 7 729
25 69 729
49 45 729
38 78 729
22 43 729
60 19 729
95 99 729
72 55 729
50 73 729
84 97 729
92 56 729
73 64 729
96 28 729
72 63 729
71 13 729
8 9 729
30 71 729
89 49 729
80 88 729
0 28 729
13 88 729
67 100 729
39 24 729
18 24 729
22 47 729
2 72 729
64 9 729
36 74 729
24 70 729
6 48 729
21 7 729
78 66 729
23 84 729
