2369 0 0.199469
50 200
0 2 12 14 19 21 32 38 44 49 
0 2 20
1 19 14
2 49 7
3 44 4
4 44 8
5 0 6
6 32 12
7 38 9
8 38 17
9 32 14
10 49 14
11 19 18
12 19 12
13 32 13
14 21 19
15 49 5
16 38 10
17 19 15
18 14 9
19 2 5
20 38 17
21 38 6
22 14 5
23 2 17
24 21 7
25 12 8
26 12 10
27 19 2
28 0 13
29 19 14
30 38 11
31 2 15
32 38 11
33 19 8
34 21 16
35 21 9
36 2 17
37 38 6
38 12 11
39 44 18
40 44 8
41 44 3
42 2 11
43 38 8
44 19 12
45 14 11
46 19 17
47 32 15
48 32 7
49 32 6
50 21 4
51 12 3
52 21 16
53 0 15
54 21 17
55 38 7
56 49 13
57 2 14
58 21 15
59 32 12
60 49 23
61 21 6
62 19 13
63 21 13
64 49 18
65 44 6
66 38 2
67 49 21
68 12 13
69 2 6
70 14 8
71 38 14
72 12 6
73 44 8
74 49 14
75 2 19
76 21 16
77 2 7
78 0 7
79 19 13
80 2 6
81 49 14
82 38 5
83 14 11
84 49 14
85 19 1
86 19 10
87 19 8
88 44 22
89 19 18
90 49 9
91 21 11
92 49 29
93 49 24
94 49 14
95 32 15
96 49 8
97 49 15
98 38 11
99 21 8
100 44 17
101 44 20
102 38 10
103 44 14
104 19 17
105 32 13
106 32 13
107 19 13
108 21 5
109 2 18
110 14 17
111 38 7
112 19 13
113 44 10
114 12 11
115 49 17
116 2 15
117 32 8
118 44 5
119 21 12
120 21 13
121 19 10
122 49 19
123 44 5
124 32 3
125 44 11
126 2 11
127 32 6
128 49 9
129 21 14
130 12 16
131 2 19
132 19 10
133 21 14
134 38 13
135 38 17
136 44 10
137 0 16
138 21 13
139 38 6
140 32 7
141 49 11
142 32 13
143 12 1
144 14 11
145 44 13
146 21 17
147 49 11
148 2 15
149 44 8
150 12 10
151 32 9
152 38 7
153 12 18
154 0 9
155 12 12
156 21 10
157 32 16
158 14 3
159 32 2
160 2 1
161 38 15
162 0 13
163 19 17
164 12 14
165 49 15
166 44 8
167 49 13
168 21 20
169 49 23
170 2 12
171 19 19
172 12 14
173 12 8
174 32 13
175 44 7
176 38 17
177 38 14
178 32 25
179 21 10
180 2 10
181 2 16
182 0 5
183 32 17
184 44 18
185 21 10
186 21 12
187 44 21
188 21 14
189 44 12
190 21 10
191 49 8
192 49 18
193 21 15
194 14 3
195 32 16
196 12 12
197 2 9
198 19 15
199 38 5
# data
200 50
8 5 24
59 65 6
81 77 10
3 94 1
12 86 24
6 53 35
58 86 4
40 56 7
40 35 34
60 82 37
100 68 10
47 34 29
46 41 11
51 72 2
65 0 30
89 67 30
22 47 23
62 38 2
80 7 11
28 20 1
35 34 25
36 46 39
90 0 27
9 29 24
48 11 24
93 26 18
82 40 10
56 50 3
12 47 24
43 41 32
22 56 27
38 19 35
30 62 23
46 51 5
40 7 19
63 16 38
37 30 4
26 53 13
86 19 28
1 76 4
0 98 6
9 96 11
29 9 17
24 48 13
66 50 34
100 9 25
50 34 39
31 87 5
53 86 17
47 78 39
50 17 15
82 29 26
57 32 37
0 67 12
71 16 10
39 53 36
96 80 10
34 9 6
58 31 36
36 77 40
84 94 3
60 18 36
61 62 36
61 4 22
70 62 14
13 95 5
30 50 27
87 92 11
74 38 37
29 22 16
88 13 13
29 37 26
87 24 25
15 89 36
97 61 17
35 4 8
54 0 30
20 12 25
1 59 40
56 64 2
17 18 13
98 63 39
27 52 19
80 12 34
82 57 18
55 50 36
51 61 17
53 43 28
22 76 36
44 36 14
77 74 27
52 5 29
72 97 23
79 94 19
90 85 33
58 75 40
93 76 30
100 78 39
21 51 5
46 13 23
12 76 9
6 73 19
29 41 27
21 91 18
46 36 1
33 86 12
51 71 35
45 61 39
50 19 7
38 30 19
72 8 4
39 52 34
61 39 4
17 97 10
89 41 6
69 67 29
24 34 9
45 76 31
11 96 32
42 17 29
46 27 21
46 44 30
75 87 30
2 95 28
47 81 9
17 99 24
25 30 23
43 90 22
89 62 32
67 22 18
69 35 16
14 36 1
54 61 23
68 11 30
34 38 17
36 68 34
6 83 16
9 38 27
62 27 18
26 48 30
48 91 35
76 66 8
40 96 4
85 29 16
78 7 5
12 81 34
46 0 37
97 75 32
8 17 22
2 100 20
91 22 19
37 86 10
35 58 27
96 45 26
9 50 6
78 20 39
64 16 34
43 100 23
86 5 33
48 83 11
22 20 20
29 66 4
11 59 34
71 47 28
72 37 18
95 58 21
2 100 12
84 58 32
39 2 10
89 94 26
25 7 16
44 34 9
99 35 6
89 37 18
51 71 19
8 100 31
41 66 12
22 41 39
69 95 30
44 20 1
15 12 13
8 25 12
3 57 1
62 77 7
25 99 31
53 6 27
46 26 29
24 80 35
60 3 10
5 81 12
58 6 23
79 76 40
74 85 33
55 31 38
92 5 20
60 93 14
97 26 40
17 26 38
47 65 16
35 46 37
0 52 853
19 34 853
23 19 853
21 83 853
81 84 853
45 58 853
85 32 853
15 15 853
58 55 853
6 18 853
25 38 853
65 17 853
85 30 853
85 50 853
89 5 853
80 23 853
45 50 853
98 54 853
63 25 853
54 51 853
97 94 853
54 16 853
7 16 853
54 75 853
69 57 853
15 18 853
65 46 853
80 19 853
80 61 853
28 96 853
50 17 853
0 17 853
46 84 853
54 99 853
52 93 853
28 23 853
37 78 853
40 18 853
32 51 853
3 42 853
19 77 853
8 82 853
55 91 853
32 55 853
7 93 853
47 88 853
24 15 853
50 92 853
18 37 853
86 71 853
