4727 0 3.51819
100 400
4 18 27 29 44 53 58 72 84 91 
0 53 2
1 29 13
2 53 10
3 18 1
4 18 11
5 27 10
6 58 17
7 29 5
8 72 12
9 29 16
10 18 7
11 58 11
12 4 11
13 27 10
14 44 9
15 84 7
16 72 11
17 4 2
18 53 21
19 91 14
20 72 17
21 27 11
22 72 14
23 84 15
24 58 16
25 72 16
26 53 10
27 53 5
28 4 15
29 29 7
30 4 9
31 4 14
32 44 20
33 44 12
34 44 8
35 58 11
36 72 11
37 29 11
38 91 7
39 84 1
40 29 16
41 91 17
42 4 17
43 72 9
44 44 15
45 29 12
46 4 6
47 84 5
48 29 12
49 91 2
50 72 13
51 84 12
52 53 15
53 58 17
54 29 18
55 18 1
56 58 10
57 44 5
58 72 20
59 84 15
60 27 18
61 4 10
62 44 9
63 84 8
64 29 18
65 58 8
66 27 13
67 4 14
68 27 12
69 84 16
70 27 7
71 53 4
72 58 18
73 72 10
74 72 5
75 72 13
76 91 14
77 44 15
78 84 12
79 53 24
80 72 17
81 29 15
82 72 6
83 29 24
84 84 13
85 53 14
86 91 6
87 58 15
88 44 13
89 29 15
90 44 19
91 72 12
92 29 8
93 29 11
94 44 18
95 53 14
96 29 16
97 84 10
98 58 11
99 58 17
100 29 14
101 18 12
102 27 18
103 44 18
104 27 7
105 29 10
106 4 10
107 29 16
108 18 9
109 72 3
110 27 22
111 72 24
112 18 8
113 91 7
114 53 12
115 58 7
116 53 5
117 84 3
118 18 8
119 53 10
120 91 14
121 53 20
122 29 11
123 53 23
124 44 7
125 27 10
126 72 12
127 72 18
128 18 9
129 4 8
130 27 19
131 18 5
132 58 15
133 91 9
134 72 21
135 29 17
136 4 9
137 44 22
138 27 20
139 4 10
140 72 10
141 72 3
142 27 5
143 72 13
144 84 4
145 27 9
146 84 7
147 91 22
148 58 19
149 27 20
150 91 5
151 44 17
152 58 15
153 29 23
154 91 10
155 91 11
156 84 11
157 29 14
158 53 12
159 27 20
160 53 12
161 29 7
162 84 4
163 53 6
164 58 16
165 4 14
166 4 11
167 4 17
168 53 5
169 53 12
170 84 7
171 29 17
172 29 20
173 91 2
174 84 15
175 18 5
176 44 14
177 44 3
178 18 2
179 72 4
180 4 11
181 27 12
182 58 15
183 53 8
184 18 7
185 4 10
186 84 6
187 44 11
188 58 15
189 44 14
190 91 12
191 27 12
192 29 10
193 18 13
194 72 7
195 84 11
196 72 12
197 18 11
198 29 17
199 29 12
200 4 12
201 18 13
202 72 15
203 84 3
204 84 9
205 44 7
206 84 16
207 58 12
208 91 15
209 27 20
210 72 12
211 84 10
212 18 20
213 44 7
214 72 21
215 27 7
216 27 8
217 91 17
218 58 10
219 27 14
220 53 11
221 18 7
222 18 14
223 84 9
224 72 7
225 72 7
226 58 15
227 18 8
228 72 3
229 44 18
230 84 10
231 84 13
232 29 19
233 29 8
234 29 5
235 53 5
236 29 11
237 72 10
238 18 3
239 44 12
240 29 13
241 72 7
242 58 6
243 53 23
244 58 18
245 58 5
246 27 23
247 44 6
248 44 6
249 53 17
250 91 5
251 27 18
252 58 20
253 72 14
254 58 15
255 27 21
256 4 10
257 27 2
258 44 5
259 72 17
260 58 14
261 58 12
262 58 22
263 29 10
264 29 10
265 27 4
266 84 20
267 72 3
268 91 15
269 72 17
270 84 12
271 58 21
272 4 6
273 58 10
274 58 22
275 84 16
276 72 11
277 58 6
278 72 18
279 18 14
280 44 9
281 72 8
282 44 8
283 29 19
284 18 14
285 27 3
286 18 16
287 4 14
288 44 5
289 4 8
290 4 15
291 27 14
292 91 14
293 44 6
294 44 11
295 4 14
296 27 9
297 27 17
298 4 10
299 58 9
300 29 5
301 58 18
302 29 14
303 44 8
304 44 17
305 72 9
306 84 14
307 53 4
308 44 20
309 58 21
310 53 2
311 84 5
312 72 16
313 72 12
314 58 19
315 84 14
316 58 8
317 58 9
318 53 10
319 72 11
320 58 8
321 18 10
322 58 13
323 84 9
324 4 14
325 27 15
326 72 8
327 29 12
328 18 13
329 27 17
330 27 24
331 84 13
332 58 14
333 29 14
334 91 7
335 4 8
336 58 11
337 58 18
338 72 21
339 58 8
340 91 2
341 44 5
342 84 14
343 58 11
344 84 9
345 91 7
346 29 6
347 27 21
348 27 10
349 58 9
350 29 14
351 91 17
352 58 9
353 4 14
354 44 14
355 53 10
356 18 8
357 53 8
358 58 8
359 91 5
360 58 19
361 4 2
362 27 9
363 58 16
364 44 18
365 84 14
366 53 15
367 53 16
368 72 19
369 27 12
370 58 11
371 44 9
372 91 11
373 18 16
374 91 9
375 4 13
376 53 14
377 91 12
378 53 14
379 84 16
380 29 9
381 53 1
382 27 11
383 53 14
384 84 12
385 72 9
386 29 12
387 53 8
388 27 8
389 72 19
390 84 10
391 53 26
392 91 9
393 29 8
394 44 10
395 29 10
396 58 18
397 29 9
398 72 21
399 4 4
# data
400 100
42 4 10
78 34 28
44 14 16
35 33 12
27 25 36
25 63 3
67 95 13
90 19 25
19 100 36
74 11 30
42 28 21
59 69 18
98 49 14
9 57 15
57 50 20
82 79 15
18 100 30
90 53 32
61 8 39
4 31 37
13 73 40
27 47 21
23 80 22
100 76 22
63 64 13
26 81 11
38 14 26
44 8 18
79 42 6
85 30 29
82 47 21
74 56 12
46 53 19
76 41 11
57 38 3
64 90 14
4 98 2
76 28 23
2 21 16
86 83 32
100 31 28
11 0 21
96 39 9
13 99 1
49 46 17
98 19 23
88 60 25
86 79 4
88 35 10
10 16 39
13 77 1
77 76 39
55 8 3
54 63 25
98 9 10
37 32 30
54 89 25
68 40 34
5 71 36
77 96 4
15 37 21
88 44 5
65 52 33
95 84 2
69 15 36
58 72 11
30 63 13
84 68 31
12 65 32
85 100 34
14 49 9
37 1 22
52 63 10
6 99 36
16 86 33
22 99 26
7 3 28
65 58 22
93 95 12
63 11 15
29 88 14
93 9 2
18 87 31
97 1 23
81 96 13
42 18 11
2 17 21
44 81 34
73 33 7
93 37 9
67 62 30
16 78 29
93 28 32
75 19 31
61 61 18
26 1 34
71 17 4
79 77 6
48 81 1
56 97 16
90 37 28
27 41 12
8 70 2
66 25 8
13 51 26
90 33 24
94 46 37
74 12 27
45 31 1
15 91 11
39 66 15
35 97 38
28 29 38
4 23 33
28 0 20
61 87 6
45 7 6
90 86 38
44 31 40
30 0 35
22 19 10
60 0 33
83 34 30
57 20 31
57 42 4
9 57 12
1 84 15
22 75 38
45 28 19
81 49 22
15 36 22
33 37 14
48 91 17
11 26 4
33 88 3
69 25 7
79 51 20
45 55 14
36 67 30
92 64 2
4 83 22
12 87 27
24 53 26
22 99 37
89 88 11
15 46 31
94 81 39
1 38 20
74 67 11
30 72 28
3 15 25
52 56 4
69 68 25
99 4 12
18 19 35
6 6 6
91 95 14
85 37 25
48 13 27
1 46 27
49 12 29
83 30 18
84 87 6
46 3 31
68 94 17
85 68 23
99 58 32
99 67 5
45 3 17
31 12 7
80 86 11
99 12 27
79 4 40
9 19 27
94 98 20
32 28 36
74 54 9
63 46 32
34 31 9
16 92 32
95 63 21
21 43 29
54 65 33
44 11 7
31 37 6
85 64 26
87 90 33
62 32 9
71 71 40
65 29 9
4 29 7
24 44 19
87 13 30
42 44 28
7 95 21
89 73 26
20 81 8
37 21 16
80 7 26
79 13 7
100 57 26
42 44 32
27 92 14
84 84 12
96 83 25
58 38 21
80 69 3
69 73 18
22 11 15
4 69 9
2 82 27
77 81 34
55 25 5
61 36 36
30 79 14
24 49 7
11 57 36
25 17 17
58 90 16
24 69 19
41 15 30
43 31 11
44 20 2
96 86 30
5 88 5
18 85 12
49 92 22
40 39 40
11 87 14
63 25 35
79 77 29
86 71 16
67 21 27
94 20 26
81 23 32
36 1 21
87 34 8
16 80 22
34 35 14
70 54 2
86 10 7
6 95 27
64 84 5
63 8 18
42 72 11
64 83 22
41 63 15
58 46 23
60 48 15
57 8 26
3 14 29
37 51 35
39 85 33
14 76 11
68 68 19
6 38 3
90 44 13
17 57 13
69 41 7
22 76 27
46 86 11
47 84 36
40 68 26
96 20 6
89 13 5
17 51 15
74 100 40
13 93 32
8 2 3
5 74 19
91 96 18
38 83 23
89 60 19
69 81 1
38 89 31
93 99 23
3 97 20
56 86 25
30 96 24
27 43 28
70 36 38
4 92 23
63 51 34
100 37 9
49 26 34
18 58 36
51 25 29
83 40 5
69 45 24
80 50 27
97 67 12
18 41 28
22 15 16
67 37 38
71 52 22
98 65 23
18 46 3
2 54 9
98 50 5
52 73 20
89 28 11
60 62 18
97 13 6
58 49 15
53 57 18
7 98 25
73 79 7
42 0 25
62 23 33
67 100 37
42 3 28
87 79 24
26 81 20
17 79 27
46 94 22
77 94 3
56 88 40
62 71 5
31 10 32
7 100 40
52 85 31
36 42 27
52 92 25
94 90 16
91 68 10
12 41 32
11 82 32
74 25 1
47 39 31
36 50 3
43 58 14
74 82 8
58 66 15
83 9 40
4 11 26
93 61 22
69 74 36
67 97 13
33 93 4
51 79 3
10 19 10
62 38 36
85 70 4
55 91 32
92 92 10
6 10 23
85 17 19
40 57 9
9 58 25
50 76 4
84 37 35
4 34 23
68 79 10
79 43 40
53 52 23
50 6 20
36 24 26
36 12 25
51 78 27
3 17 27
47 95 13
86 54 8
28 56 19
63 64 27
59 61 18
77 73 25
25 3 34
24 9 23
5 72 35
25 66 8
50 87 3
73 44 23
8 6 5
20 34 15
17 17 16
75 57 32
26 1 16
0 8 2
26 0 28
95 70 20
86 32 40
40 5 34
30 57 37
32 16 25
75 87 4
7 98 29
97 28 39
32 1 23
24 48 3
7 71 39
77 88 1
66 1 39
9 26 12
85 31 16
68 33 40
80 31 19
41 82 14
91 31 15
33 86 12
87 50 1
17 27 1623
42 0 1623
73 92 1623
4 38 1623
88 54 1623
78 88 1623
11 4 1623
60 74 1623
0 95 1623
10 56 1623
4 44 1623
75 38 1623
74 0 1623
56 51 1623
4 91 1623
2 81 1623
35 35 1623
11 34 1623
36 32 1623
97 70 1623
40 51 1623
23 74 1623
40 56 1623
19 71 1623
65 14 1623
35 25 1623
80 98 1623
19 55 1623
58 64 1623
86 23 1623
64 7 1623
66 19 1623
68 38 1623
5 2 1623
24 75 1623
53 39 1623
25 99 1623
11 34 1623
3 61 1623
69 49 1623
96 31 1623
8 34 1623
34 79 1623
52 19 1623
64 43 1623
1 16 1623
76 28 1623
31 4 1623
32 81 1623
91 88 1623
77 25 1623
45 16 1623
71 78 1623
40 4 1623
33 97 1623
9 74 1623
23 100 1623
95 34 1623
59 80 1623
23 43 1623
79 66 1623
94 43 1623
11 49 1623
69 69 1623
34 78 1623
66 48 1623
82 70 1623
59 10 1623
15 61 1623
78 40 1623
48 11 1623
38 1 1623
12 90 1623
90 97 1623
15 74 1623
91 100 1623
68 32 1623
10 94 1623
3 88 1623
21 2 1623
81 12 1623
47 19 1623
90 35 1623
64 96 1623
87 84 1623
5 68 1623
46 24 1623
25 50 1623
59 35 1623
27 80 1623
31 36 1623
8 17 1623
8 29 1623
79 14 1623
94 68 1623
55 71 1623
66 89 1623
94 66 1623
77 0 1623
73 62 1623
