1287 0 0.0807095
50 80
1 13 27 43 48 
0 48 22
1 1 32
2 48 13
3 13 23
4 1 17
5 48 28
6 27 17
7 48 36
8 1 17
9 1 16
10 1 24
11 13 7
12 43 3
13 48 13
14 48 7
15 1 13
16 27 29
17 27 4
18 48 22
19 13 30
20 13 21
21 48 13
22 13 19
23 1 12
24 27 3
25 43 6
26 13 12
27 27 7
28 43 17
29 43 19
30 48 25
31 48 26
32 13 28
33 48 20
34 1 25
35 48 24
36 43 7
37 48 18
38 48 30
39 43 26
40 48 27
41 27 9
42 43 9
43 1 21
44 48 10
45 13 8
46 1 12
47 48 19
48 13 10
49 48 15
50 1 10
51 13 9
52 27 6
53 27 13
54 48 23
55 27 24
56 27 15
57 1 9
58 27 2
59 27 22
60 13 8
61 1 23
62 1 9
63 13 9
64 1 19
65 13 10
66 27 18
67 43 21
68 48 14
69 48 14
70 43 13
71 27 11
72 48 13
73 27 16
74 1 10
75 43 18
76 1 26
77 43 2
78 13 12
79 48 17
# data
80 50
6 86 5
100 53 8
18 78 36
98 2 23
86 85 13
0 84 31
28 0 11
40 53 9
60 62 33
81 87 21
87 51 23
88 15 12
2 25 1
17 80 16
26 94 39
87 76 28
55 36 4
35 14 7
40 68 33
60 38 32
69 35 6
35 98 22
71 9 35
81 62 33
30 20 18
4 30 28
75 17 21
37 12 29
8 7 1
1 5 8
4 95 5
10 68 22
66 2 23
48 90 19
57 91 1
11 70 28
7 17 21
12 78 33
41 59 25
7 50 27
1 88 9
24 12 10
12 18 11
56 83 28
38 83 37
82 30 1
68 83 32
10 80 35
94 29 38
33 72 34
70 62 36
92 15 10
26 16 35
24 6 20
9 100 21
37 41 25
36 2 6
81 65 30
31 19 37
54 14 12
82 15 5
97 77 9
73 81 31
89 31 11
57 81 14
80 31 10
26 0 23
21 39 9
38 98 40
16 95 23
14 14 21
22 23 34
23 99 6
20 5 39
82 79 22
8 6 33
68 98 27
3 22 40
82 10 23
22 71 31
10 46 683
74 72 683
86 7 683
98 16 683
55 99 683
34 57 683
62 85 683
3 34 683
68 66 683
83 47 683
24 56 683
66 33 683
83 53 683
86 22 683
8 67 683
52 43 683
36 72 683
38 24 683
53 93 683
69 19 683
33 51 683
87 66 683
92 89 683
2 5 683
66 73 683
88 43 683
100 39 683
32 17 683
28 63 683
77 100 683
23 44 683
72 22 683
95 32 683
15 7 683
20 72 683
25 73 683
48 28 683
68 56 683
50 3 683
57 2 683
78 37 683
73 11 683
40 66 683
5 24 683
39 15 683
60 26 683
36 83 683
35 54 683
28 87 683
7 27 683
