2195 0 0.510637
100 200
0 1 4 8 25 40 44 78 79 89 
0 4 14
1 79 11
2 40 11
3 78 12
4 44 25
5 8 11
6 8 5
7 8 7
8 79 10
9 1 24
10 0 7
11 8 4
12 89 5
13 8 19
14 79 12
15 1 21
16 8 19
17 78 17
18 0 18
19 1 10
20 1 4
21 79 13
22 1 20
23 8 19
24 25 4
25 25 4
26 8 10
27 44 17
28 25 10
29 4 12
30 79 6
31 0 3
32 44 26
33 0 13
34 79 12
35 44 2
36 78 8
37 0 17
38 44 10
39 79 1
40 89 28
41 25 17
42 79 8
43 4 5
44 78 7
45 4 5
46 44 20
47 79 11
48 44 10
49 0 9
50 25 15
51 89 21
52 25 4
53 79 16
54 89 18
55 4 10
56 44 7
57 44 13
58 40 12
59 78 7
60 89 2
61 78 6
62 1 19
63 25 11
64 8 14
65 78 7
66 89 3
67 0 18
68 1 11
69 0 9
70 78 6
71 1 17
72 79 18
73 8 5
74 89 8
75 40 16
76 0 11
77 1 4
78 25 14
79 79 12
80 0 13
81 1 5
82 4 13
83 1 12
84 1 7
85 1 5
86 89 14
87 1 19
88 0 10
89 4 11
90 78 11
91 89 18
92 4 2
93 89 14
94 1 17
95 1 2
96 8 26
97 4 3
98 79 9
99 40 5
100 0 7
101 44 14
102 4 15
103 44 19
104 4 12
105 40 7
106 1 7
107 78 8
108 4 9
109 8 9
110 25 10
111 79 11
112 8 5
113 8 14
114 4 13
115 89 17
116 79 8
117 0 17
118 44 3
119 44 1
120 0 9
121 44 14
122 1 10
123 40 2
124 8 4
125 1 3
126 0 8
127 1 15
128 78 7
129 1 12
130 79 14
131 8 17
132 79 5
133 8 12
134 25 8
135 89 6
136 8 4
137 89 13
138 1 13
139 44 14
140 0 10
141 8 14
142 89 17
143 25 9
144 78 6
145 78 19
146 78 8
147 0 20
148 4 10
149 1 11
150 40 16
151 78 6
152 4 5
153 8 1
154 89 10
155 40 14
156 79 17
157 79 18
158 79 2
159 40 13
160 79 17
161 79 9
162 8 11
163 89 12
164 1 3
165 78 8
166 44 6
167 44 0
168 1 14
169 4 14
170 8 20
171 25 8
172 0 4
173 25 11
174 0 17
175 25 1
176 89 18
177 40 29
178 79 10
179 0 1
180 44 1
181 44 7
182 25 10
183 25 12
184 40 16
185 79 12
186 79 15
187 1 17
188 1 16
189 25 10
190 0 4
191 44 8
192 8 2
193 89 17
194 40 5
195 89 19
196 89 15
197 8 13
198 0 12
199 89 6
# data
200 100
33 48 37
43 92 29
67 4 19
22 39 17
2 3 3
50 25 35
50 10 23
41 19 33
41 86 11
97 37 14
76 99 4
45 10 30
12 77 21
32 26 13
63 83 2
97 70 38
28 10 19
27 36 38
98 87 11
71 53 28
81 59 15
51 97 1
66 69 25
42 33 29
66 33 20
62 31 12
48 24 17
23 20 31
69 39 9
34 57 24
51 90 39
84 91 5
6 2 20
93 88 9
56 95 40
7 30 1
12 57 17
87 77 35
17 33 27
51 85 24
7 100 31
50 37 16
48 76 4
42 52 2
18 56 2
51 52 8
28 27 23
62 83 38
4 18 7
78 84 33
81 31 17
21 94 3
68 33 10
64 94 24
32 81 30
36 59 8
1 30 39
7 15 21
83 16 39
8 52 28
14 71 39
16 43 39
90 38 7
77 26 34
33 11 27
22 51 7
17 76 11
96 82 31
88 64 19
80 84 1
15 43 7
95 66 1
65 72 37
49 19 34
12 65 36
82 21 24
89 85 12
82 51 38
58 41 9
40 89 10
79 80 4
84 50 2
59 56 27
88 65 19
84 62 24
86 52 23
1 78 19
98 45 29
80 83 32
56 61 33
8 40 40
27 87 21
46 53 10
1 78 30
84 38 30
83 56 7
23 4 2
43 56 27
60 80 40
73 2 4
83 100 19
21 22 4
59 63 1
6 9 40
55 46 32
85 2 31
74 57 21
9 55 13
55 59 19
45 5 3
56 28 2
62 85 27
47 9 35
61 14 25
40 67 3
32 76 22
53 76 2
80 76 6
7 31 24
9 29 5
88 100 26
1 15 6
91 55 39
79 7 6
50 11 11
84 56 33
85 86 12
66 54 9
13 42 39
86 44 11
43 96 35
33 25 27
51 79 35
35 14 39
58 25 5
17 79 15
50 11 26
24 63 5
88 44 7
22 29 16
90 87 33
35 22 17
28 61 17
64 20 36
20 45 26
30 37 26
11 57 4
93 76 36
36 55 10
70 54 34
62 3 2
12 55 30
47 60 11
48 14 21
25 77 1
64 6 28
64 95 32
35 94 22
53 84 31
68 14 14
34 88 25
52 75 21
53 24 4
23 64 12
81 58 22
11 42 18
10 34 32
8 28 40
95 53 34
60 56 8
29 24 2
66 21 29
82 97 30
56 23 10
97 87 25
65 29 11
33 69 2
98 27 38
49 94 12
82 93 30
8 27 15
4 22 5
75 35 13
75 37 27
94 1 25
59 94 28
41 96 4
97 62 23
97 57 25
69 19 29
83 97 36
10 36 5
46 16 35
26 86 34
75 1 3
30 86 23
9 87 20
52 1 1
70 87 8
11 78 34
81 93 804
81 55 804
96 91 804
49 38 804
46 55 804
94 15 804
5 54 804
98 60 804
47 14 804
54 17 804
24 37 804
74 61 804
35 35 804
82 2 804
12 11 804
1 66 804
93 90 804
70 48 804
32 6 804
40 59 804
90 34 804
7 73 804
20 4 804
94 51 804
50 50 804
66 29 804
29 78 804
35 49 804
47 98 804
26 77 804
0 25 804
23 41 804
63 53 804
23 30 804
59 54 804
97 46 804
50 50 804
63 19 804
9 79 804
96 12 804
78 5 804
7 23 804
21 35 804
57 28 804
8 28 804
86 74 804
41 62 804
79 26 804
6 86 804
15 17 804
87 94 804
93 67 804
12 51 804
87 1 804
35 17 804
84 32 804
100 49 804
7 57 804
98 68 804
37 41 804
72 9 804
3 25 804
52 98 804
59 86 804
20 32 804
63 18 804
69 67 804
80 0 804
63 35 804
40 74 804
14 23 804
36 94 804
70 99 804
41 60 804
16 13 804
37 74 804
23 100 804
20 29 804
15 49 804
51 84 804
36 23 804
44 30 804
73 51 804
39 33 804
16 18 804
14 7 804
10 37 804
78 27 804
78 87 804
15 73 804
35 31 804
6 83 804
85 38 804
29 47 804
66 7 804
12 95 804
22 34 804
16 61 804
31 50 804
84 38 804
