1275 0.0768627 3600.03
0 0 0
0 9 5
0 10 20
0 22 25
0 26 36
0 31 29
0 40 36
0 49 51
0 50 28
0 54 18
0 55 39
0 58 25
0 69 50
1 46 7
2 19 20
3 2 9
4 17 5
5 13 7
6 67 8
7 37 12
8 0 29
9 28 17
10 57 8
11 61 7
12 0 27
13 6 5
14 25 10
15 3 5
16 7 13
17 47 5
18 0 21
19 0 32
20 0 45
21 12 9
22 42 10
23 53 10
24 0 35
25 63 5
26 60 6
27 45 2
28 68 5
29 0 48
30 23 27
31 5 13
32 44 13
33 18 5
34 0 18
35 43 8
36 48 3
37 0 24
38 33 8
39 14 13
40 52 2
41 21 11
42 39 19
43 11 4
44 0 31
45 35 6
46 41 14
47 38 14
48 70 7
49 27 9
50 16 17
51 0 10
52 62 1
53 32 16
54 56 24
55 36 17
56 15 6
57 1 8
58 64 5
59 29 5
60 30 18
61 66 16
62 24 5
63 8 8
64 51 11
65 20 9
66 0 31
67 65 10
68 34 6
69 4 13
70 59 6
# data
71
49 46 0
54 80 28
11 27 16
3 32 18
2 49 29
27 82 35
18 84 24
85 49 28
65 21 36
53 42 34
51 66 18
96 18 38
37 71 37
22 88 10
67 15 8
1 37 40
92 60 23
2 44 13
30 37 3
30 20 28
19 80 23
41 80 7
49 21 17
98 87 3
16 58 30
77 14 22
58 81 27
94 31 6
66 30 35
83 11 34
72 95 17
36 72 12
77 77 26
27 32 2
59 31 4
99 27 15
93 11 10
73 47 30
21 38 29
58 5 19
19 66 32
36 90 25
41 15 5
100 19 24
75 64 2
93 29 10
47 81 21
7 43 16
90 9 6
100 38 27
77 52 40
49 56 28
18 64 39
93 78 22
31 45 15
77 18 15
7 40 8
48 74 4
42 71 36
87 8 25
64 78 39
91 24 8
19 63 20
72 17 28
46 67 35
10 77 12
75 29 3
10 87 16
63 26 36
1 62 38
90 2 32
