2391 0 1.27508
0: 29 45 54 69 81 84 86 133 146 169 185 
1: 2 5 113 121 124 137 149 157 163 
2: 1 19 21 51 103 106 110 128 140 176 
3: 0 4 24 60 102 108 109 115 138 177 183 194 
4: 9 32 35 38 44 72 114 154 171 
5: 18 25 43 95 135 143 145 148 159 
6: 10 36 47 55 96 122 130 151 
7: 15 88 92 111 116 166 173 186 189 199 
8: 12 34 79 89 94 104 123 127 161 187 
9: 11 23 53 59 65 107 158 170 172 179 182 
10: 17 30 52 98 126 132 142 162 181 193 
11: 66 73 75 80 85 97 118 175 195 196 
12: 3 41 63 74 76 77 119 150 160 168 
13: 7 28 57 82 105 117 131 156 
14: 20 22 26 27 91 93 101 141 178 
15: 16 33 39 49 62 64 67 71 155 184 188 
16: 37 40 70 99 120 134 139 147 165 191 198 
17: 8 13 58 61 83 87 90 100 152 190 
18: 6 14 31 42 46 48 68 125 136 144 164 192 
19: 50 56 78 112 129 153 167 174 180 197 
