2623 0 0.0428848
0: 17 25 43 66 75 76 90 97 102 105 114 140 160 167 172 186 
1: 0 6 12 13 15 26 27 31 53 61 73 87 100 109 138 156 162 163 164 177 180 183 
2: 18 21 24 28 37 38 42 51 55 57 59 65 71 79 82 106 115 116 121 125 134 153 157 165 175 185 196 
3: 7 10 11 30 44 47 72 80 83 89 96 111 113 118 120 139 144 159 188 199 
4: 52 60 62 69 77 99 103 119 127 131 136 145 155 173 195 
5: 1 4 14 16 19 41 58 92 93 123 161 179 181 187 193 
6: 3 29 32 39 64 68 78 84 110 112 117 122 133 141 152 158 174 176 189 194 197 
7: 2 5 9 20 34 49 50 54 56 94 104 107 129 147 149 166 168 169 182 190 192 198 
8: 8 22 23 35 36 40 81 86 88 91 95 98 130 132 135 142 148 154 171 184 
9: 33 45 46 48 63 67 70 74 85 101 108 124 126 128 137 143 146 150 151 170 178 191 
