2806 0 1.34141
0: 0 48 54 71 76 84 91 92 99 102 109 123 131 141 143 144 150 151 155 156 177 182 
1: 19 25 36 43 49 74 75 77 79 80 82 100 103 118 138 160 164 165 167 191 192 
2: 30 33 53 65 68 70 73 81 89 96 106 130 136 145 148 162 180 187 
3: 6 11 15 47 50 59 62 93 101 108 110 114 126 139 140 154 157 158 172 176 189 197 
4: 2 17 21 39 40 42 52 87 97 98 112 115 119 132 133 166 170 188 190 
5: 1 5 8 16 28 63 66 69 72 85 116 125 137 146 149 168 173 198 
6: 10 12 23 27 34 35 45 46 55 86 94 95 113 128 134 159 175 179 185 
7: 3 4 13 26 32 56 60 78 83 88 111 142 152 153 163 186 193 194 196 199 
8: 9 18 22 24 29 38 41 44 51 57 67 90 104 105 120 124 127 147 161 174 178 195 
9: 7 14 20 31 37 58 61 64 107 117 121 122 129 135 169 171 181 183 184 
