2827 1.41071e-11 1.12499
0: 7 10 13 29 30 31 54 97 98 100 101 119 120 121 136 138 154 159 174 177 
1: 6 37 39 46 55 58 70 82 108 111 116 150 180 186 187 191 193 
2: 9 23 41 62 65 78 87 91 102 123 125 127 132 143 147 172 173 185 
3: 34 38 40 47 60 64 76 79 84 99 103 105 112 122 163 165 168 178 181 184 196 
4: 4 18 19 50 52 71 86 110 117 126 137 140 153 161 179 182 188 197 198 
5: 1 14 24 33 51 77 85 88 93 107 134 139 144 145 156 157 166 192 
6: 8 17 43 53 61 83 90 104 124 128 130 142 152 160 164 194 
7: 0 2 15 21 35 36 44 45 56 66 80 89 106 113 129 141 151 162 169 170 176 
8: 3 12 26 32 42 48 49 68 69 74 75 81 92 95 96 114 135 146 148 149 171 
9: 11 16 22 28 59 63 67 73 94 115 118 131 158 167 175 183 189 195 199 
