2339 0 0.196596
0: 7 40 110 141 142 143 147 176 178 179 185 193 
1: 6 9 11 17 37 52 66 103 155 
2: 18 36 43 57 78 79 86 106 128 133 149 180 
3: 5 14 22 38 45 46 71 109 156 177 183 188 192 
4: 53 80 84 104 117 151 159 
5: 10 27 34 59 72 77 99 118 137 187 
6: 21 28 50 61 92 94 107 123 126 153 164 
7: 31 55 63 69 82 130 146 150 167 
8: 24 68 76 83 98 100 115 125 129 166 
9: 3 16 20 75 90 97 113 114 120 132 191 
10: 60 65 96 108 127 131 168 170 174 175 182 
11: 23 64 67 70 119 161 
12: 0 4 8 13 81 112 139 157 181 184 197 
13: 30 33 42 44 87 93 144 145 158 
14: 35 41 88 135 140 148 163 199 
15: 19 47 56 85 91 122 171 172 189 196 198 
16: 26 29 32 39 48 54 74 105 138 169 186 
17: 1 2 73 89 95 111 134 152 165 194 
18: 15 25 58 62 102 121 124 162 
19: 12 49 51 101 116 136 154 160 173 190 195 
