2339 0 0.0558167
0: 7 47 56 69 73 132 142 
1: 10 34 48 53 55 84 107 162 165 189 
2: 22 29 35 87 109 114 119 141 145 148 163 193 
3: 0 3 4 8 18 31 38 80 93 100 115 130 
4: 9 40 44 46 52 65 89 92 95 104 117 121 191 194 
5: 21 36 43 58 77 94 171 174 180 185 
6: 15 78 97 118 120 129 186 188 195 
7: 2 6 11 13 54 57 67 71 112 113 124 169 181 
8: 5 41 59 63 103 105 122 123 158 160 187 
9: 12 14 24 49 81 150 177 178 184 
10: 27 45 68 108 137 146 151 164 
11: 17 37 39 126 128 
12: 19 28 42 62 64 74 82 161 166 175 192 
13: 70 86 111 125 134 155 156 170 183 196 198 
14: 20 25 72 98 102 153 167 182 
15: 16 26 32 96 99 106 110 131 135 139 147 172 
16: 1 50 51 138 143 173 179 
17: 30 88 90 101 127 133 140 
18: 23 60 61 75 76 79 83 85 91 116 154 159 190 
19: 33 66 136 144 149 152 157 168 176 197 199 
