5 medianas
100  Clientes 

Cliente 1 : (19, 10)
Cliente 2 : (36, 20)
Cliente 3 : (80, 67)
Cliente 4 : (33, 28)
Cliente 5 : (59, 53)
Cliente 6 : (26, 30)
Cliente 7 : (27, 70)
Cliente 8 : (20, 2)
Cliente 9 : (12, 24)
Cliente 10 : (66, 83)
Cliente 11 : (96, 67)
Cliente 12 : (90, 93)
Cliente 13 : (71, 62)
Cliente 14 : (77, 71)
Cliente 15 : (20, 56)
Cliente 16 : (32, 85)
Cliente 17 : (72, 57)
Cliente 18 : (39, 47)
Cliente 19 : (22, 95)
Cliente 20 : (12, 86)
Cliente 21 : (20, 23)
Cliente 22 : (42, 25)
Cliente 23 : (88, 64)
Cliente 24 : (55, 58)
Cliente 25 : (83, 57)
Cliente 26 : (15, 46)
Cliente 27 : (51, 62)
Cliente 28 : (90, 53)
Cliente 29 : (77, 39)
Cliente 30 : (56, 61)
Cliente 31 : (61, 13)
Cliente 32 : (47, 49)
Cliente 33 : (27, 42)
Cliente 34 : (3, 10)
Cliente 35 : (40, 8)
Cliente 36 : (21, 0)
Cliente 37 : (39, 67)
Cliente 38 : (76, 53)
Cliente 39 : (16, 90)
Cliente 40 : (100, 49)
Cliente 41 : (2, 2)
Cliente 42 : (19, 4)
Cliente 43 : (84, 53)
Cliente 44 : (39, 35)
Cliente 45 : (98, 60)
Cliente 46 : (26, 58)
Cliente 47 : (34, 52)
Cliente 48 : (92, 68)
Cliente 49 : (17, 1)
Cliente 50 : (24, 2)
Cliente 51 : (54, 65)
Cliente 52 : (53, 61)
Cliente 53 : (74, 18)
Cliente 54 : (16, 1)
Cliente 55 : (100, 69)
Cliente 56 : (18, 60)
Cliente 57 : (81, 30)
Cliente 58 : (65, 9)
Cliente 59 : (38, 50)
Cliente 60 : (78, 72)
Cliente 61 : (77, 76)
Cliente 62 : (68, 25)
Cliente 63 : (88, 4)
Cliente 64 : (56, 43)
Cliente 65 : (40, 55)
Cliente 66 : (10, 82)
Cliente 67 : (6, 61)
Cliente 68 : (16, 88)
Cliente 69 : (33, 65)
Cliente 70 : (14, 99)
Cliente 71 : (68, 25)
Cliente 72 : (37, 34)
Cliente 73 : (63, 74)
Cliente 74 : (87, 34)
Cliente 75 : (49, 56)
Cliente 76 : (64, 31)
Cliente 77 : (2, 96)
Cliente 78 : (11, 64)
Cliente 79 : (72, 91)
Cliente 80 : (63, 30)
Cliente 81 : (84, 42)
Cliente 82 : (55, 41)
Cliente 83 : (78, 44)
Cliente 84 : (85, 70)
Cliente 85 : (22, 41)
Cliente 86 : (6, 19)
Cliente 87 : (91, 77)
Cliente 88 : (74, 74)
Cliente 89 : (30, 22)
Cliente 90 : (95, 8)
Cliente 91 : (35, 27)
Cliente 92 : (48, 8)
Cliente 93 : (13, 70)
Cliente 94 : (19, 76)
Cliente 95 : (42, 72)
Cliente 96 : (87, 77)
Cliente 97 : (100, 39)
Cliente 98 : (57, 12)
Cliente 99 : (24, 51)
Cliente 100 : (10, 8)

Demanda dos Clientes:
q::[8, 27, 2, 38, 31, 27, 21, 8, 28, 1, 21, 15, 11, 6, 20, 16, 27, 6, 8, 25, 5, 21, 5, 15, 11, 6, 16, 22, 26, 3, 9, 2, 32, 11, 15, 30, 28, 4, 18, 32, 39, 12, 40, 33, 23, 19, 14, 13, 3, 3, 23, 40, 22, 21, 20, 7, 19, 14, 4, 25, 23, 21, 17, 6, 33, 21, 36, 4, 6, 17, 34, 25, 37, 8, 18, 14, 15, 20, 28, 13, 13, 3, 31, 20, 6, 18, 36, 23, 16, 23, 21, 8, 21, 20, 17, 40, 29, 14, 16, 1];

50 Locais 
Local 1 : (86, 26)
Local 2 : (73, 39)
Local 3 : (36, 48)
Local 4 : (69, 88)
Local 5 : (31, 32)
Local 6 : (53, 34)
Local 7 : (30, 22)
Local 8 : (50, 95)
Local 9 : (68, 78)
Local 10 : (53, 48)
Local 11 : (25, 81)
Local 12 : (0, 71)
Local 13 : (37, 2)
Local 14 : (98, 23)
Local 15 : (69, 74)
Local 16 : (55, 65)
Local 17 : (33, 40)
Local 18 : (73, 7)
Local 19 : (25, 69)
Local 20 : (49, 45)
Local 21 : (38, 78)
Local 22 : (22, 43)
Local 23 : (60, 19)
Local 24 : (95, 99)
Local 25 : (72, 55)
Local 26 : (50, 73)
Local 27 : (84, 97)
Local 28 : (92, 56)
Local 29 : (73, 64)
Local 30 : (96, 28)
Local 31 : (72, 63)
Local 32 : (71, 13)
Local 33 : (8, 9)
Local 34 : (30, 71)
Local 35 : (89, 49)
Local 36 : (80, 88)
Local 37 : (0, 28)
Local 38 : (13, 88)
Local 39 : (67, 100)
Local 40 : (39, 24)
Local 41 : (18, 24)
Local 42 : (22, 47)
Local 43 : (2, 72)
Local 44 : (64, 9)
Local 45 : (36, 74)
Local 46 : (24, 70)
Local 47 : (6, 48)
Local 48 : (21, 7)
Local 49 : (78, 66)
Local 50 : (23, 84)
Capacidade de cada local: 729

D :: [
  69,  61,  42,  93,  25,  42,  16,  90,  84,  51,  71,  64,  20,  80,  81,  66,  33,  54,  59,  46,  71,  33,  42, 117,  70,  70, 109,  86,  76,  79,  75,  52,  11,  62,  80,  99,  26,  78, 102,  24,  14,  37,  64,  45,  66,  60,  40,   4,  81,  74,
  50,  42,  28,  76,  13,  22,   6,  76,  66,  33,  62,  62,  18,  62,  63,  49,  20,  39,  50,  28,  58,  27,  24,  99,  50,  55,  91,  67,  57,  61,  56,  36,  30,  51,  60,  81,  37,  72,  86,   5,  18,  30,  62,  30,  54,  51,  41,  20,  62,  65,
  41,  29,  48,  24,  60,  43,  67,  41,  16,  33,  57,  80,  78,  48,  13,  25,  54,  60,  55,  38,  43,  63,  52,  35,  14,  31,  30,  16,   8,  42,   9,  55,  92,  50,  20,  21,  89,  70,  35,  59,  75,  61,  78,  60,  45,  56,  76,  84,   2,  59,
  53,  41,  20,  70,   4,  21,   7,  69,  61,  28,  54,  54,  26,  65,  58,  43,  12,  45,  42,  23,  50,  19,  28,  94,  47,  48,  86,  65,  54,  63,  52,  41,  31,  43,  60,  76,  33,  63,  80,   7,  16,  22,  54,  36,  46,  43,  34,  24,  59,  57,
  38,  20,  24,  36,  35,  20,  42,  43,  27,   8,  44,  62,  56,  49,  23,  13,  29,  48,  38,  13,  33,  38,  34,  58,  13,  22,  51,  33,  18,  45,  16,  42,  67,  34,  30,  41,  64,  58,  48,  35,  50,  37,  60,  44,  31,  39,  53,  60,  23,  48,
  60,  48,  21,  72,   5,  27,   9,  69,  64,  32,  51,  49,  30,  72,  62,  45,  12,  52,  39,  27,  49,  14,  36,  98,  52,  49,  89,  71,  58,  70,  57,  48,  28,  41,  66,  79,  26,  59,  81,  14,  10,  17,  48,  43,  45,  40,  27,  24,  63,  54,
  74,  55,  24,  46,  38,  44,  48,  34,  42,  34,  11,  27,  69,  85,  42,  28,  31,  78,   2,  33,  14,  27,  61,  74,  47,  23,  63,  66,  46,  81,  46,  72,  64,   3,  65,  56,  50,  23,  50,  48,  47,  24,  25,  71,  10,   3,  30,  63,  51,  15,
  70,  65,  49,  99,  32,  46,  22,  98,  90,  57,  79,  72,  17,  81,  87,  72,  40,  53,  67,  52,  78,  41,  43, 123,  74,  77, 115,  90,  82,  80,  80,  52,  14,  70,  83, 105,  33,  86, 109,  29,  22,  45,  72,  45,  74,  68,  48,   5,  86,  82,
  74,  63,  34,  86,  21,  42,  18,  81,  78,  48,  58,  49,  33,  86,  76,  59,  26,  63,  47,  43,  60,  21,  48, 112,  68,  62, 103,  86,  73,  84,  72,  60,  16,  50,  81,  93,  13,  64,  94,  27,   6,  25,  49,  54,  55,  48,  25,  19,  78,  61,
  60,  45,  46,   6,  62,  51,  71,  20,   5,  37,  41,  67,  86,  68,   9,  21,  54,  76,  43,  42,  28,  59,  64,  33,  29,  19,  23,  37,  20,  63,  21,  70,  94,  38,  41,  15,  86,  53,  17,  65,  76,  57,  65,  74,  31,  44,  69,  88,  21,  43,
  42,  36,  63,  34,  74,  54,  80,  54,  30,  47,  72,  96,  88,  44,  28,  41,  69,  64,  71,  52,  59,  78,  60,  32,  27,  46,  32,  12,  23,  39,  24,  60, 105,  66,  19,  26, 104,  86,  44,  71,  89,  77,  94,  66,  60,  72,  92,  96,  18,  75,
  67,  57,  70,  22,  85,  70,  93,  40,  27,  58,  66,  93, 105,  70,  28,  45,  78,  88,  69,  63,  54,  84,  80,   8,  42,  45,   7,  37,  34,  65,  35,  82, 117,  64,  44,  11, 111,  77,  24,  86, 100,  82,  90,  88,  57,  70,  95, 110,  30,  68,
  39,  23,  38,  26,  50,  33,  57,  39,  16,  23,  50,  72,  69,  47,  12,  16,  44,  55,  47,  28,  37,  53,  44,  44,   7,  24,  37,  22,   3,  42,   1,  49,  82,  42,  22,  28,  79,  64,  38,  50,  65,  51,  70,  53,  37,  48,  66,  74,   8,  53,
  46,  32,  47,  19,  60,  44,  68,  36,  11,  33,  53,  77,  80,  52,   9,  23,  54,  64,  52,  38,  40,  62,  55,  33,  17,  27,  27,  21,   8,  47,   9,  58,  93,  47,  25,  17,  88,  66,  31,  60,  75,  60,  75,  63,  41,  53,  75,  85,   5,  56,
  72,  56,  18,  59,  26,  40,  35,  49,  53,  34,  25,  25,  57,  85,  52,  36,  21,  72,  14,  31,  28,  13,  54,  86,  52,  34,  76,  72,  54,  81,  52,  67,  49,  18,  69,  68,  34,  33,  64,  37,  32,   9,  24,  64,  24,  15,  16,  49,  59,  28,
  80,  62,  37,  37,  53,  55,  63,  21,  37,  43,   8,  35,  83,  91,  39,  30,  45,  88,  17,  43,   9,  43,  72,  65,  50,  22,  53,  67,  46,  86,  46,  82,  80,  14,  67,  48,  65,  19,  38,  61,  63,  39,  33,  82,  12,  17,  45,  79,  50,   9,
  34,  18,  37,  31,  48,  30,  55,  44,  21,  21,  53,  73,  65,  43,  17,  19,  43,  50,  49,  26,  40,  52,  40,  48,   2,  27,  42,  20,   7,  38,   6,  44,  80,  44,  19,  32,  78,  67,  43,  47,  63,  51,  72,  49,  40,  50,  67,  71,  11,  56,
  51,  35,   3,  51,  17,  19,  27,  49,  42,  14,  37,  46,  45,  64,  40,  24,   9,  52,  26,  10,  31,  17,  35,  76,  34,  28,  67,  54,  38,  60,  37,  47,  49,  26,  50,  58,  43,  49,  60,  23,  31,  17,  45,  45,  27,  27,  33,  44,  43,  40,
  94,  76,  49,  48,  64,  68,  73,  28,  49,  56,  14,  33,  94, 105,  51,  45,  56, 102,  26,  57,  23,  52,  85,  73,  64,  36,  62,  80,  60, 100,  59,  96,  87,  25,  81,  58,  71,  11,  45,  73,  71,  48,  30,  96,  25,  25,  50,  88,  63,  11,
  95,  77,  45,  57,  57,  66,  66,  39,  57,  56,  14,  19,  88, 107,  58,  48,  51, 100,  21,  55,  27,  44,  82,  84,  68,  40,  73,  85,  65, 102,  64,  94,  77,  23,  85,  68,  59,   2,  57,  68,  62,  40,  17,  93,  27,  20,  38,  80,  69,  11,
  66,  55,  30,  81,  14,  35,  10,  78,  73,  41,  58,  52,  27,  78,  71,  55,  21,  55,  46,  36,  58,  20,  40, 107,  61,  58,  98,  79,  67,  76,  66,  52,  18,  49,  74,  88,  21,  65,  90,  19,   2,  24,  52,  46,  53,  47,  29,  16,  72,  61,
  44,  34,  24,  69,  13,  14,  12,  70,  59,  25,  59,  62,  24,  56,  56,  42,  17,  36,  47,  21,  53,  27,  19,  91,  42,  49,  83,  59,  50,  54,  48,  31,  38,  48,  53,  74,  42,  69,  79,   3,  24,  30,  62,  27,  49,  48,  43,  28,  55,  62,
  38,  29,  54,  31,  65,  46,  72,  49,  24,  38,  65,  88,  80,  42,  21,  33,  60,  59,  63,  43,  52,  69,  53,  36,  18,  39,  33,   9,  15,  37,  16,  54,  97,  58,  15,  25,  95,  79,  42,  63,  81,  68,  86,  60,  53,  64,  84,  88,  10,  68,
  45,  26,  21,  33,  35,  24,  44,  37,  24,  10,  38,  57,  59,  55,  21,   7,  28,  54,  32,  14,  26,  36,  39,  57,  17,  16,  49,  37,  19,  51,  18,  48,  68,  28,  35,  39,  63,  52,  44,  38,  50,  35,  55,  50,  25,  33,  50,  61,  24,  41,
  31,  21,  48,  34,  58,  38,  64,  50,  26,  31,  63,  84,  72,  37,  22,  29,  53,  51,  59,  36,  50,  63,  44,  44,  11,  37,  40,   9,  12,  32,  13,  46,  89,  55,  10,  31,  88,  77,  46,  55,  73,  62,  82,  52,  50,  60,  78,  80,  10,  66,
  74,  58,  21,  68,  21,  40,  28,  60,  62,  38,  36,  29,  49,  86,  61,  44,  19,  70,  25,  34,  39,   8,  52,  96,  58,  44,  86,  78,  61,  83,  59,  65,  38,  29,  74,  77,  23,  42,  75,  33,  22,   7,  29,  61,  35,  26,   9,  39,  66,  39,
  50,  32,  21,  32,  36,  28,  45,  33,  23,  14,  32,  52,  62,  61,  22,   5,  28,  59,  27,  17,  21,  35,  44,  57,  22,  11,  48,  41,  22,  56,  21,  53,  68,  23,  40,  39,  61,  46,  41,  40,  50,  33,  50,  55,  19,  28,  47,  63,  27,  36,
  27,  22,  54,  41,  63,  42,  68,  58,  33,  37,  71,  92,  74,  31,  30,  37,  58,  49,  67,  42,  58,  69,  45,  46,  18,  45,  44,   4,  20,  26,  21,  44,  93,  63,   4,  36,  93,  85,  52,  59,  78,  68,  90,  51,  58,  68,  84,  83,  18,  74,
  16,   4,  42,  50,  47,  25,  50,  62,  40,  26,  67,  83,  54,  26,  36,  34,  44,  32,  60,  29,  55,  55,  26,  63,  17,  43,  58,  23,  25,  22,  25,  27,  75,  57,  16,  49,  78,  81,  62,  41,  61,  56,  82,  33,  54,  61,  72,  64,  27,  70,
  46,  28,  24,  30,  38,  27,  47,  35,  21,  13,  37,  57,  62,  57,  18,   4,  31,  57,  32,  17,  25,  38,  42,  54,  17,  13,  46,  36,  17,  52,  16,  50,  71,  28,  35,  36,  65,  51,  41,  41,  53,  37,  55,  53,  24,  33,  52,  64,  23,  40,
  28,  29,  43,  75,  36,  22,  32,  83,  65,  36,  77,  84,  26,  38,  62,  52,  39,  13,  67,  34,  69,  49,   6,  92,  43,  61,  87,  53,  52,  38,  51,  10,  53,  66,  46,  77,  63,  89,  87,  25,  44,  52,  83,   5,  66,  68,  65,  40,  56,  81,
  45,  28,  11,  45,  23,  16,  32,  46,  36,   6,  39,  52,  48,  57,  33,  18,  17,  49,  30,   4,  30,  26,  33,  69,  26,  24,  61,  46,  30,  53,  29,  43,  56,  28,  42,  51,  51,  52,  55,  26,  38,  25,  51,  43,  27,  31,  41,  49,  35,  42,
  61,  46,  11,  62,  11,  27,  20,  58,  55,  27,  39,  40,  41,  73,  53,  36,   6,  58,  27,  22,  38,   5,  40,  89,  47,  39,  79,  66,  51,  70,  50,  53,  38,  29,  62,  70,  30,  48,  70,  22,  20,   7,  39,  50,  33,  28,  22,  36,  56,  42,
  85,  76,  50, 102,  36,  55,  30,  97,  94,  63,  74,  61,  35,  96,  92,  76,  42,  70,  63,  58,  76,  38,  58, 128,  82,  79, 119, 100,  88,  95,  87,  68,   5,  67,  94, 110,  18,  79, 110,  39,  21,  42,  62,  61,  72,  64,  38,  18,  94,  77,
  49,  45,  40,  85,  26,  29,  17,  88,  75,  42,  75,  75,   7,  60,  72,  59,  33,  33,  63,  38,  70,  39,  23, 106,  57,  66,  99,  71,  65,  59,  64,  31,  32,  64,  64,  89,  45,  84,  96,  16,  27,  43,  74,  24,  66,  64,  52,  19,  69,  78,
  70,  65,  50, 100,  34,  47,  24,  99,  91,  58,  81,  74,  16,  80,  88,  73,  42,  52,  69,  53,  80,  43,  43, 124,  75,  79, 116,  90,  82,  80,  81,  52,  16,  72,  84, 106,  35,  88, 110,  30,  24,  47,  74,  44,  76,  70,  50,   7,  87,  84,
  62,  44,  19,  37,  36,  36,  46,  30,  31,  24,  20,  39,  65,  74,  31,  16,  28,  69,  14,  24,  11,  29,  52,  64,  35,  13,  54,  54,  34,  69,  33,  63,  66,  10,  53,  46,  55,  33,  43,  43,  48,  26,  37,  63,   8,  15,  38,  63,  39,  23,
  29,  14,  40,  36,  50,  30,  55,  49,  26,  24,  58,  78,  64,  37,  22,  24,  45,  46,  53,  28,  45,  55,  38,  50,   4,  33,  45,  16,  11,  32,  11,  40,  81,  49,  14,  35,  80,  72,  48,  47,  65,  54,  76,  46,  45,  55,  70,  72,  13,  61,
  95,  76,  47,  53,  60,  67,  69,  34,  53,  56,  13,  25,  90, 106,  55,  46,  53, 101,  23,  56,  25,  47,  84,  80,  66,  38,  68,  83,  63, 101,  62,  95,  81,  24,  84,  64,  64,   4,  52,  70,  66,  43,  23,  94,  26,  22,  43,  83,  66,   9,
  27,  29,  64,  50,  71,  49,  75,  68,  43,  47,  82, 102,  79,  26,  40,  48,  68,  50,  78,  51,  68,  78,  50,  50,  29,  55,  51,  11,  31,  21,  31,  46, 100,  73,  11,  44, 102,  95,  61,  66,  86,  78, 101,  54,  69,  79,  94,  89,  28,  85,
  87,  80,  57, 109,  42,  60,  34, 105, 101,  69,  82,  69,  35,  98,  98,  82,  49,  71,  71,  64,  84,  46,  60, 134,  88,  86, 125, 105,  94,  98,  93,  70,   9,  74,  99, 116,  26,  87, 118,  43,  27,  49,  70,  62,  80,  71,  46,  20,  99,  85,
  71,  64,  47,  98,  30,  45,  21,  96,  89,  56,  77,  70,  18,  81,  86,  71,  39,  54,  65,  51,  76,  39,  44, 122,  74,  76, 113,  90,  81,  81,  79,  53,  12,  68,  83, 104,  31,  84, 107,  28,  20,  43,  70,  45,  72,  66,  46,   4,  86,  80,
  27,  18,  48,  38,  57,  36,  62,  54,  30,  31,  65,  86,  69,  33,  26,  31,  53,  47,  61,  36,  52,  63,  42,  47,  12,  39,  44,   9,  16,  28,  16,  42,  88,  57,   6,  35,  88,  79,  50,  54,  72,  62,  84,  48,  52,  62,  78,  78,  14,  68,
  48,  34,  13,  61,   9,  14,  16,  61,  52,  19,  48,  53,  33,  60,  49,  34,   8,  44,  37,  14,  43,  19,  26,  85,  39,  40,  77,  57,  45,  57,  43,  39,  40,  37,  52,  67,  40,  59,  71,  11,  24,  21,  52,  36,  39,  38,  35,  33,  50,  52,
  36,  33,  63,  40,  73,  52,  78,  59,  35,  47,  76,  99,  84,  37,  32,  43,  68,  59,  74,  51,  63,  78,  56,  39,  26,  50,  40,   7,  25,  32,  26,  54, 103,  69,  14,  33, 103,  89,  51,  69,  88,  77,  97,  61,  64,  75,  93,  93,  21,  79,
  68,  51,  14,  52,  26,  36,  36,  44,  47,  29,  23,  29,  57,  80,  46,  30,  19,  69,  11,  26,  23,  16,  52,  80,  46,  28,  70,  66,  47,  76,  46,  64,  52,  14,  64,  62,  40,  33,  59,  36,  35,  12,  28,  62,  19,  12,  22,  51,  53,  26,
  58,  41,   4,  50,  20,  26,  30,  46,  43,  19,  30,  39,  50,  70,  41,  25,  12,  60,  19,  17,  26,  15,  42,  77,  38,  26,  67,  58,  41,  66,  40,  54,  50,  19,  55,  58,  42,  42,  58,  28,  32,  13,  38,  52,  22,  21,  28,  47,  46,  34,
  42,  35,  59,  30,  71,  52,  77,  50,  26,  44,  68,  92,  86,  45,  24,  37,  65,  64,  67,  49,  55,  74,  59,  31,  24,  42,  30,  12,  19,  40,  21,  59, 103,  62,  19,  23, 100,  81,  41,  69,  86,  73,  90,  65,  56,  68,  88,  94,  14,  71,
  73,  68,  51, 101,  34,  49,  25, 100,  92,  59,  80,  72,  20,  84,  90,  74,  42,  56,  68,  54,  80,  42,  47, 125,  77,  79, 117,  93,  84,  83,  83,  55,  12,  71,  87, 107,  32,  87, 111,  32,  23,  46,  73,  48,  75,  69,  48,   7,  89,  83,
  66,  61,  48,  97,  31,  43,  21,  97,  88,  54,  79,  73,  13,  77,  85,  70,  39,  49,  67,  50,  77,  41,  40, 120,  72,  76, 112,  87,  79,  77,  78,  48,  17,  69,  80, 103,  35,  87, 107,  27,  23,  45,  73,  41,  73,  68,  49,   6,  84,  82,
  50,  32,  25,  27,  40,  31,  49,  30,  19,  17,  33,  54,  65,  61,  17,   1,  33,  61,  29,  21,  21,  39,  46,  53,  21,   9,  44,  39,  19,  56,  18,  55,  72,  25,  38,  35,  65,  47,  37,  44,  55,  37,  52,  57,  20,  30,  51,  67,  24,  36,
  48,  30,  21,  31,  36,  27,  45,  34,  23,  13,  34,  54,  61,  59,  21,   4,  29,  58,  29,  16,  23,  36,  43,  57,  20,  12,  48,  39,  20,  54,  19,  51,  69,  25,  38,  38,  62,  48,  41,  40,  51,  34,  52,  53,  21,  30,  49,  63,  25,  38,
  14,  21,  48,  70,  45,  26,  44,  81,  60,  37,  80,  91,  40,  25,  56,  51,  47,  11,  71,  37,  70,  58,  14,  84,  37,  60,  80,  42,  46,  24,  45,   6,  67,  69,  34,  70,  75,  93,  82,  36,  56,  60,  90,  13,  68,  72,  74,  54,  48,  83,
  74,  69,  51, 102,  34,  50,  25, 100,  93,  60,  81,  72,  21,  85,  90,  75,  43,  57,  69,  55,  80,  42,  48, 126,  78,  80, 118,  94,  85,  84,  84,  56,  11,  71,  87, 108,  31,  87, 111,  33,  23,  46,  72,  49,  76,  69,  48,   8,  90,  83,
  45,  40,  67,  36,  78,  59,  84,  56,  33,  51,  76, 100,  92,  46,  31,  45,  73,  68,  75,  56,  63,  82,  64,  30,  31,  50,  32,  15,  27,  41,  29,  63, 110,  70,  23,  28, 108,  89,  45,  76,  94,  81,  98,  70,  64,  76,  96, 100,  22,  78,
  76,  59,  22,  58,  31,  44,  40,  47,  53,  37,  22,  21,  61,  88,  53,  37,  25,  76,  11,  34,  27,  17,  59,  86,  54,  35,  76,  74,  55,  84,  54,  71,  52,  16,  72,  68,  37,  28,  63,  42,  36,  14,  20,  69,  23,  12,  17,  53,  60,  25,
   6,  12,  48,  59,  50,  28,  52,  72,  50,  33,  76,  91,  52,  18,  46,  44,  49,  24,  68,  35,  64,  60,  24,  70,  27,  53,  67,  28,  35,  15,  34,  20,  76,  65,  21,  58,  81,  89,  71,  42,  63,  61,  89,  27,  63,  70,  77,  64,  36,  79,
  27,  31,  49,  79,  41,  28,  37,  87,  69,  41,  82,  90,  29,  36,  65,  57,  45,   8,  72,  39,  74,  55,  11,  95,  47,  66,  90,  54,  56,  36,  54,   7,  57,  71,  47,  80,  68,  95,  91,  30,  49,  57,  89,   1,  71,  73,  71,  44,  58,  86,
  54,  37,   3,  49,  19,  22,  29,  47,  41,  15,  34,  43,  48,  66,  39,  23,  11,  55,  23,  12,  28,  17,  38,  75,  34,  26,  66,  54,  38,  62,  36,  50,  51,  22,  51,  57,  44,  45,  58,  26,  33,  16,  42,  49,  24,  24,  32,  46,  43,  37,
  47,  33,  48,  18,  62,  45,  69,  36,  12,  35,  54,  78,  81,  53,   9,  24,  55,  65,  53,  40,  40,  63,  56,  32,  18,  28,  26,  21,   9,  48,  11,  59,  94,  48,  25,  16,  90,  67,  30,  62,  77,  61,  76,  65,  42,  54,  76,  86,   6,  56,
  51,  37,  50,  14,  64,  48,  72,  33,   9,  37,  52,  77,  84,  57,   8,  25,  57,  69,  52,  42,  39,  64,  59,  29,  22,  27,  22,  25,  13,  52,  14,  63,  96,  47,  30,  12,  91,  65,  26,  64,  79,  62,  75,  68,  41,  53,  76,  89,  10,  55,
  18,  15,  39,  63,  38,  17,  38,  72,  53,  27,  71,  82,  39,  30,  49,  42,  38,  19,  62,  28,  61,  49,  10,  79,  30,  51,  74,  39,  39,  28,  38,  12,  62,  60,  32,  64,  68,  84,  75,  29,  50,  51,  81,  16,  59,  63,  66,  50,  42,  74,
  22,  38,  68,  86,  64,  46,  61,  99,  77,  56,  99, 111,  51,  21,  73,  69,  66,  15,  91,  57,  89,  77,  32,  95,  53,  79,  93,  52,  62,  25,  61,  19,  80,  89,  45,  84,  91, 113,  98,  53,  73,  79, 110,  25,  87,  92,  93,  67,  63, 103,
  34,  17,  21,  47,  27,   9,  33,  52,  37,   6,  49,  63,  45,  47,  34,  22,  23,  40,  40,   7,  39,  34,  24,  68,  20,  31,  61,  38,  27,  43,  26,  34,  59,  38,  34,  51,  58,  62,  58,  25,  42,  34,  61,  35,  37,  42,  50,  50,  32,  53,
  54,  37,   8,  44,  25,  25,  34,  41,  36,  15,  30,  43,  53,  66,  35,  18,  17,  58,  21,  13,  23,  22,  41,  70,  32,  21,  61,  52,  34,  62,  33,  52,  56,  19,  49,  52,  48,  43,  52,  31,  38,  20,  42,  52,  19,  22,  35,  52,  40,  34,
  94,  76,  43,  59,  54,  64,  63,  42,  58,  55,  15,  15,  84, 106,  60,  48,  48,  98,  20,  54,  28,  41,  80,  87,  68,  41,  76,  86,  66, 102,  65,  92,  73,  23,  86,  70,  55,   7,  60,  65,  59,  37,  13,  91,  27,  18,  34,  76,  70,  13,
  87,  71,  33,  69,  38,  54,  46,  56,  64,  49,  28,  12,  67, 100,  64,  49,  34,  86,  21,  46,  36,  24,  68,  97,  66,  46,  86,  86,  67,  96,  66,  81,  52,  26,  84,  79,  34,  28,  72,  50,  39,  21,  12,  78,  33,  20,  13,  56,  72,  29,
  94,  75,  45,  53,  58,  65,  67,  35,  53,  54,  11,  23,  89, 105,  55,  45,  51,  99,  21,  54,  24,  45,  82,  80,  65,  37,  69,  82,  62, 100,  61,  93,  79,  22,  83,  64,  62,   3,  52,  68,  64,  41,  21,  92,  24,  20,  41,  81,  66,   8,
  66,  48,  17,  43,  33,  37,  43,  34,  37,  26,  18,  34,  63,  77,  37,  22,  25,  70,   9,  26,  14,  25,  53,  71,  40,  19,  60,  60,  40,  73,  39,  64,  61,   7,  58,  52,  50,  30,  49,  41,  44,  21,  32,  64,   9,  10,  32,  59,  45,  21,
 103,  84,  56,  56,  69,  76,  79,  36,  58,  64,  21,  31, 100, 113,  60,  53,  62, 109,  32,  64,  32,  57,  92,  81,  73,  44,  70,  89,  69, 108,  68, 103,  90,  32,  90,  67,  72,  11,  53,  79,  75,  53,  30, 103,  33,  31,  52,  92,  72,  17,
  18,  15,  39,  63,  38,  17,  38,  72,  53,  27,  71,  82,  39,  30,  49,  42,  38,  19,  62,  28,  61,  49,  10,  79,  30,  51,  74,  39,  39,  28,  38,  12,  62,  60,  32,  64,  68,  84,  75,  29,  50,  51,  81,  16,  59,  63,  66,  50,  42,  74,
  50,  36,  14,  63,   6,  16,  14,  62,  54,  21,  49,  52,  32,  62,  51,  36,   7,  45,  37,  16,  44,  17,  27,  87,  41,  41,  79,  59,  47,  59,  45,  40,  38,  38,  54,  69,  37,  59,  72,  10,  21,  20,  52,  37,  40,  38,  34,  31,  52,  52,
  53,  36,  37,  15,  53,  41,  62,  25,   6,  28,  39,  63,  77,  62,   6,  12,  45,  68,  38,  32,  25,  51,  55,  41,  21,  13,  31,  34,  14,  57,  14,  62,  85,  33,  36,  22,  78,  52,  26,  55,  67,  49,  61,  65,  27,  39,  63,  79,  17,  41,
   8,  15,  53,  57,  56,  34,  58,  71,  48,  37,  78,  95,  59,  16,  44,  45,  54,  30,  71,  40,  66,  66,  31,  65,  26,  54,  63,  23,  33,  11,  33,  26,  83,  68,  15,  54,  87,  92,  69,  49,  70,  66,  93,  34,  65,  73,  82,  71,  33,  81,
  48,  29,  15,  38,  30,  22,  39,  39,  29,   9,  35,  51,  55,  59,  27,  11,  23,  55,  27,  11,  25,  30,  39,  63,  23,  17,  54,  43,  25,  55,  24,  48,  62,  24,  41,  45,  56,  48,  48,  34,  45,  28,  50,  49,  22,  29,  44,  56,  31,  38,
  23,  12,  33,  57,  33,  11,  35,  66,  47,  20,  63,  75,  40,  35,  43,  35,  32,  26,  54,  21,  54,  44,  13,  75,  25,  44,  69,  38,  34,  32,  33,  19,  60,  52,  31,  59,  64,  76,  69,  26,  47,  45,  74,  22,  51,  56,  60,  49,  38,  67,
 109,  91,  59,  67,  70,  80,  79,  48,  68,  70,  27,  25, 100, 121,  71,  61,  64, 114,  35,  69,  40,  57,  96,  93,  81,  53,  82,  98,  78, 116,  77, 108,  87,  38,  99,  78,  68,  14,  65,  81,  74,  53,  24, 107,  40,  34,  48,  91,  82,  24,
  84,  67,  30,  63,  38,  52,  46,  50,  59,  45,  22,  13,  67,  96,  59,  44,  33,  84,  15,  42,  30,  24,  67,  91,  62,  40,  80,  81,  62,  92,  61,  79,  55,  20,  79,  73,  38,  24,  67,  49,  41,  20,  12,  76,  27,  14,  17,  58,  67,  23,
  66,  52,  56,   4,  72,  60,  81,  22,  14,  47,  48,  75,  96,  73,  17,  31,  64,  84,  52,  51,  36,  69,  73,  24,  36,  28,  13,  40,  27,  67,  28,  78, 104,  47,  45,   9,  96,  59,  10,  75,  86,  67,  73,  82,  40,  52,  79,  98,  26,  49,
  23,  13,  32,  58,  32,  11,  34,  66,  48,  21,  64,  75,  38,  36,  44,  36,  32,  25,  54,  21,  54,  43,  11,  76,  27,  45,  70,  39,  35,  33,  34,  19,  59,  53,  32,  60,  63,  77,  70,  25,  45,  44,  74,  21,  52,  56,  60,  48,  39,  67,
  16,  11,  48,  48,  54,  32,  58,  63,  39,  32,  71,  89,  62,  24,  35,  37,  51,  37,  65,  35,  58,  62,  33,  58,  18,  46,  55,  16,  25,  18,  24,  32,  83,  61,   9,  46,  85,  85,  60,  48,  68,  62,  87,  39,  58,  66,  78,  72,  25,  74,
  34,  18,  20,  49,  26,   7,  31,  54,  39,   7,  50,  63,  43,  47,  36,  24,  22,  38,  41,   7,  41,  33,  23,  70,  22,  32,  63,  40,  29,  43,  28,  32,  57,  39,  35,  53,  57,  63,  60,  23,  41,  34,  61,  33,  38,  42,  49,  48,  34,  54,
  20,   7,  42,  45,  49,  27,  53,  58,  35,  25,  65,  83,  59,  29,  31,  31,  45,  37,  59,  29,  52,  56,  31,  58,  13,  40,  53,  18,  21,  24,  20,  32,  78,  55,  12,  44,  80,  78,  57,  44,  63,  56,  81,  38,  52,  60,  72,  68,  22,  68,
  44,  33,  54,  24,  66,  48,  73,  43,  19,  39,  61,  85,  83,  49,  16,  30,  60,  64,  60,  44,  48,  69,  57,  31,  20,  35,  27,  16,  13,  43,  15,  59,  98,  55,  21,  19,  95,  74,  35,  65,  81,  67,  83,  65,  49,  61,  82,  90,   8,  64,
  66,  51,  16,  66,  13,  32,  21,  61,  59,  32,  40,  37,  42,  78,  57,  41,  11,  61,  28,  27,  40,   2,  44,  93,  52,  43,  84,  72,  56,  75,  55,  56,  35,  31,  67,  75,  26,  48,  74,  24,  17,   6,  37,  53,  36,  29,  17,  34,  61,  43,
  80,  70,  42,  93,  28,  49,  24,  88,  86,  55,  65,  52,  35,  92,  84,  67,  34,  68,  53,  50,  67,  29,  54, 120,  75,  70, 110,  94,  81,  90,  79,  65,  10,  57,  88, 101,  11,  69, 101,  33,  13,  32,  53,  59,  63,  54,  29,  19,  86,  67,
  51,  42,  62,  25,  75,  57,  82,  45,  23,  48,  66,  91,  92,  54,  22,  38,  69,  72,  66,  53,  53,  77,  66,  22,  29,  41,  21,  21,  22,  49,  24,  67, 107,  61,  28,  16, 103,  79,  33,  74,  90,  75,  89,  73,  55,  67,  90,  99,  17,  68,
  49,  35,  46,  15,  60,  45,  68,  32,   7,  33,  49,  74,  81,  56,   5,  21,  53,  67,  49,  38,  36,  61,  57,  33,  19,  24,  25,  25,  10,  51,  11,  61,  93,  44,  29,  15,  87,  63,  27,  61,  75,  59,  72,  66,  38,  50,  73,  85,   9,  52,
  56,  46,  27,  77,  10,  26,   0,  76,  68,  35,  59,  57,  21,  68,  65,  50,  18,  46,  47,  30,  57,  22,  30, 101,  53,  55,  92,  71,  60,  66,  59,  42,  26,  49,  65,  83,  31,  68,  86,   9,  12,  26,  57,  36,  52,  48,  35,  17,  65,  62,
  20,  38,  71,  84,  68,  49,  66,  98,  75,  58, 101, 114,  58,  15,  71,  70,  70,  22,  93,  59,  90,  81,  37,  91,  52,  79,  90,  48,  60,  20,  60,  25,  87,  91,  41,  81,  97, 115,  96,  58,  79,  83, 113,  31,  89,  94,  98,  74,  60, 105,
  51,  40,  21,  70,   6,  19,   7,  70,  61,  28,  55,  56,  25,  63,  58,  43,  13,  43,  43,  23,  51,  21,  26,  94,  46,  48,  85,  64,  53,  61,  52,  39,  32,  44,  58,  76,  35,  65,  80,   5,  17,  24,  56,  34,  47,  44,  36,  24,  58,  58,
  42,  40,  42,  83,  29,  26,  23,  87,  73,  40,  77,  79,  13,  52,  69,  57,  35,  25,  65,  37,  71,  44,  16, 102,  53,  65,  96,  65,  61,  52,  60,  24,  40,  66,  58,  86,  52,  87,  94,  18,  34,  47,  79,  16,  67,  66,  58,  27,  65,  80,
  85,  68,  32,  59,  42,  54,  51,  45,  56,  46,  16,  13,  72,  97,  56,  42,  36,  87,  12,  44,  26,  28,  69,  87,  61,  37,  76,  80,  60,  93,  59,  81,  61,  17,  79,  69,  44,  18,  62,  53,  46,  25,  11,  80,  23,  11,  23,  64,  65,  17,
  84,  65,  33,  51,  46,  54,  55,  36,  49,  44,   8,  20,  76,  95,  50,  38,  39,  88,   9,  43,  19,  33,  70,  79,  57,  31,  68,  76,  55,  91,  55,  82,  68,  12,  75,  62,  52,  13,  54,  56,  52,  29,  17,  81,  17,   8,  31,  69,  60,   9,
  64,  45,  25,  31,  41,  40,  51,  24,  27,  26,  19,  42,  70,  74,  27,  15,  33,  72,  17,  28,   7,  35,  56,  59,  34,   8,  49,  52,  32,  70,  31,  66,  72,  12,  52,  41,  61,  33,  38,  48,  54,  32,  40,  67,   6,  18,  43,  68,  36,  22,
  51,  40,  59,  21,  72,  55,  79,  41,  19,  45,  62,  87,  90,  55,  18,  34,  65,  71,  63,  50,  49,  73,  64,  23,  27,  37,  20,  22,  19,  50,  21,  66, 104,  57,  28,  13, 100,  75,  30,  72,  87,  72,  85,  72,  51,  63,  86,  96,  14,  64,
  19,  27,  65,  58,  69,  47,  72,  75,  50,  48,  86, 105,  73,  16,  47,  52,  67,  42,  81,  51,  73,  78,  45,  60,  32,  60,  60,  19,  37,  12,  37,  39,  97,  77,  15,  53, 101, 100,  69,  63,  83,  78, 103,  47,  73,  82,  94,  85,  35,  89,
  32,  31,  42,  77,  33,  22,  29,  83,  67,  36,  76,  82,  22,  42,  63,  53,  37,  17,  65,  34,  69,  47,   8,  95,  46,  61,  89,  56,  54,  42,  53,  14,  49,  65,  49,  79,  59,  88,  89,  22,  41,  49,  81,   8,  65,  67,  62,  36,  58,  80,
  67,  50,  12,  58,  20,  34,  30,  51,  52,  29,  30,  31,  51,  79,  51,  34,  14,  66,  18,  26,  30,   8,  48,  86,  48,  34,  76,  68,  51,  76,  49,  60,  45,  21,  65,  67,  33,  39,  65,  31,  28,   4,  30,  58,  26,  19,  18,  44,  56,  33,
  78,  70,  48,  99,  32,  50,  24,  96,  91,  59,  75,  64,  28,  89,  89,  73,  39,  63,  63,  54,  75,  37,  51, 125,  78,  76, 116,  95,  84,  88,  83,  61,   2,  66,  89, 106,  22,  80, 108,  33,  18,  41,  64,  54,  71,  64,  40,  11,  89,  77,
   ];