5 medianas
80  Clientes 

Cliente 1 : (6, 86)
Cliente 2 : (100, 53)
Cliente 3 : (18, 78)
Cliente 4 : (98, 2)
Cliente 5 : (86, 85)
Cliente 6 : (0, 84)
Cliente 7 : (28, 0)
Cliente 8 : (40, 53)
Cliente 9 : (60, 62)
Cliente 10 : (81, 87)
Cliente 11 : (87, 51)
Cliente 12 : (88, 15)
Cliente 13 : (2, 25)
Cliente 14 : (17, 80)
Cliente 15 : (26, 94)
Cliente 16 : (87, 76)
Cliente 17 : (55, 36)
Cliente 18 : (35, 14)
Cliente 19 : (40, 68)
Cliente 20 : (60, 38)
Cliente 21 : (69, 35)
Cliente 22 : (35, 98)
Cliente 23 : (71, 9)
Cliente 24 : (81, 62)
Cliente 25 : (30, 20)
Cliente 26 : (4, 30)
Cliente 27 : (75, 17)
Cliente 28 : (37, 12)
Cliente 29 : (8, 7)
Cliente 30 : (1, 5)
Cliente 31 : (4, 95)
Cliente 32 : (10, 68)
Cliente 33 : (66, 2)
Cliente 34 : (48, 90)
Cliente 35 : (57, 91)
Cliente 36 : (11, 70)
Cliente 37 : (7, 17)
Cliente 38 : (12, 78)
Cliente 39 : (41, 59)
Cliente 40 : (7, 50)
Cliente 41 : (1, 88)
Cliente 42 : (24, 12)
Cliente 43 : (12, 18)
Cliente 44 : (56, 83)
Cliente 45 : (38, 83)
Cliente 46 : (82, 30)
Cliente 47 : (68, 83)
Cliente 48 : (10, 80)
Cliente 49 : (94, 29)
Cliente 50 : (33, 72)
Cliente 51 : (70, 62)
Cliente 52 : (92, 15)
Cliente 53 : (26, 16)
Cliente 54 : (24, 6)
Cliente 55 : (9, 100)
Cliente 56 : (37, 41)
Cliente 57 : (36, 2)
Cliente 58 : (81, 65)
Cliente 59 : (31, 19)
Cliente 60 : (54, 14)
Cliente 61 : (82, 15)
Cliente 62 : (97, 77)
Cliente 63 : (73, 81)
Cliente 64 : (89, 31)
Cliente 65 : (57, 81)
Cliente 66 : (80, 31)
Cliente 67 : (26, 0)
Cliente 68 : (21, 39)
Cliente 69 : (38, 98)
Cliente 70 : (16, 95)
Cliente 71 : (14, 14)
Cliente 72 : (22, 23)
Cliente 73 : (23, 99)
Cliente 74 : (20, 5)
Cliente 75 : (82, 79)
Cliente 76 : (8, 6)
Cliente 77 : (68, 98)
Cliente 78 : (3, 22)
Cliente 79 : (82, 10)
Cliente 80 : (22, 71)

Demanda dos Clientes:
q::[5, 8, 36, 23, 13, 31, 11, 9, 33, 21, 23, 12, 1, 16, 39, 28, 4, 7, 33, 32, 6, 22, 35, 33, 18, 28, 21, 29, 1, 8, 5, 22, 23, 19, 1, 28, 21, 33, 25, 27, 9, 10, 11, 28, 37, 1, 32, 35, 38, 34, 36, 10, 35, 20, 21, 25, 6, 30, 37, 12, 5, 9, 31, 11, 14, 10, 23, 9, 40, 23, 21, 34, 6, 39, 22, 33, 27, 40, 23, 31];

50 Locais 
Local 1 : (10, 46)
Local 2 : (74, 72)
Local 3 : (86, 7)
Local 4 : (98, 16)
Local 5 : (55, 99)
Local 6 : (34, 57)
Local 7 : (62, 85)
Local 8 : (3, 34)
Local 9 : (68, 66)
Local 10 : (83, 47)
Local 11 : (24, 56)
Local 12 : (66, 33)
Local 13 : (83, 53)
Local 14 : (86, 22)
Local 15 : (8, 67)
Local 16 : (52, 43)
Local 17 : (36, 72)
Local 18 : (38, 24)
Local 19 : (53, 93)
Local 20 : (69, 19)
Local 21 : (33, 51)
Local 22 : (87, 66)
Local 23 : (92, 89)
Local 24 : (2, 5)
Local 25 : (66, 73)
Local 26 : (88, 43)
Local 27 : (100, 39)
Local 28 : (32, 17)
Local 29 : (28, 63)
Local 30 : (77, 100)
Local 31 : (23, 44)
Local 32 : (72, 22)
Local 33 : (95, 32)
Local 34 : (15, 7)
Local 35 : (20, 72)
Local 36 : (25, 73)
Local 37 : (48, 28)
Local 38 : (68, 56)
Local 39 : (50, 3)
Local 40 : (57, 2)
Local 41 : (78, 37)
Local 42 : (73, 11)
Local 43 : (40, 66)
Local 44 : (5, 24)
Local 45 : (39, 15)
Local 46 : (60, 26)
Local 47 : (36, 83)
Local 48 : (35, 54)
Local 49 : (28, 87)
Local 50 : (7, 27)
Capacidade de cada local: 683

D :: [
  40,  69, 112, 116,  51,  40,  56,  52,  65,  86,  35,  80,  84, 102,  19,  63,  33,  70,  48,  92,  44,  83,  86,  81,  61,  93, 105,  74,  32,  72,  45,  92, 104,  80,  20,  23,  72,  69,  94,  98,  87, 101,  39,  62,  78,  81,  30,  43,  22,  59,
  90,  32,  48,  37,  64,  66,  50,  99,  35,  18,  76,  39,  17,  34,  93,  49,  67,  68,  62,  46,  67,  18,  37, 109,  39,  16,  14,  77,  73,  52,  78,  42,  22,  97,  82,  78,  58,  32,  71,  67,  27,  50,  61,  99,  72,  48,  71,  65,  80,  97,
  33,  56,  98, 101,  43,  26,  45,  46,  51,  72,  23,  66,  70,  88,  15,  49,  19,  58,  38,  78,  31,  70,  75,  75,  48,  78,  91,  63,  18,  63,  34,  78,  90,  71,   6,   9,  58,  55,  82,  85,  73,  87,  25,  56,  66,  67,  19,  29,  13,  52,
  98,  74,  13,  14, 106,  84,  90, 100,  71,  47,  92,  45,  53,  23, 111,  62,  94,  64, 102,  34,  81,  65,  87,  96,  78,  42,  37,  68,  93, 100,  86,  33,  30,  83, 105, 102,  56,  62,  48,  41,  40,  27,  86,  96,  60,  45, 102,  82, 110,  94,
  85,  18,  78,  70,  34,  59,  24,  97,  26,  38,  68,  56,  32,  63,  80,  54,  52,  78,  34,  68,  63,  19,   7, 116,  23,  42,  48,  87,  62,  17,  75,  65,  54, 105,  67,  62,  69,  34,  90,  88,  49,  75,  50, 101,  84,  64,  50,  60,  58,  98,
  39,  75, 115, 119,  57,  43,  62,  50,  70,  91,  37,  83,  89, 106,  19,  66,  38,  71,  54,  95,  47,  89,  92,  79,  67,  97, 110,  74,  35,  79,  46,  95, 108,  78,  23,  27,  74,  74,  95, 100,  91, 103,  44,  60,  79,  83,  36,  46,  28,  57,
  49,  85,  58,  72, 103,  57,  92,  42,  77,  72,  56,  50,  76,  62,  70,  49,  72,  26,  96,  45,  51,  89, 110,  26,  82,  74,  82,  17,  63, 111,  44,  49,  74,  15,  72,  73,  34,  69,  22,  29,  62,  46,  67,  33,  19,  41,  83,  54,  87,  34,
  31,  39,  65,  69,  48,   7,  39,  42,  31,  43,  16,  33,  43,  55,  35,  16,  19,  29,  42,  45,   7,  49,  63,  61,  33,  49,  62,  37,  16,  60,  19,  45,  59,  52,  28,  25,  26,  28,  51,  54,  41,  53,  13,  45,  38,  34,  30,   5,  36,  42,
  52,  17,  61,  60,  37,  26,  23,  64,   9,  27,  36,  30,  25,  48,  52,  21,  26,  44,  32,  44,  29,  27,  42,  81,  13,  34,  46,  53,  32,  42,  41,  42,  46,  71,  41,  37,  36,  10,  60,  60,  31,  53,  20,  67,  51,  36,  32,  26,  41,  64,
  82,  17,  80,  73,  29,  56,  19,  94,  25,  40,  65,  56,  34,  65,  76,  53,  47,  76,  29,  69,  60,  22,  11, 114,  21,  45,  52,  85,  58,  14,  72,  66,  57, 104,  63,  58,  68,  34,  90,  88,  50,  76,  46,  99,  83,  65,  45,  57,  53,  95,
  77,  25,  44,  37,  58,  53,  42,  86,  24,   6,  63,  28,   4,  29,  81,  36,  55,  56,  54,  37,  54,  15,  38,  97,  30,   8,  18,  65,  60,  50,  64,  33,  21,  84,  70,  66,  45,  20,  61,  57,  17,  42,  49,  86,  60,  37,  60,  52,  69,  84,
  84,  59,   8,  10,  90,  68,  75,  87,  55,  32,  76,  28,  38,   7,  95,  46,  77,  51,  85,  19,  66,  51,  74,  87,  62,  28,  27,  56,  77,  86,  71,  17,  18,  73,  89,  86,  42,  46,  40,  34,  24,  16,  70,  83,  49,  30,  86,  66,  94,  82,
  22,  86,  86,  96,  91,  45,  85,   9,  78,  84,  38,  64,  86,  84,  42,  53,  58,  36,  85,  67,  40,  94, 110,  20,  80,  88,  99,  31,  46, 106,  28,  70,  93,  22,  50,  53,  46,  73,  53,  60,  77,  72,  56,   3,  38,  58,  67,  44,  67,   5,
  35,  58, 100, 103,  42,  29,  45,  48,  53,  74,  25,  68,  71,  90,  16,  51,  21,  60,  38,  80,  33,  71,  76,  76,  49,  80,  93,  65,  20,  63,  36,  80,  92,  73,   9,  11,  61,  56,  84,  88,  75,  89,  27,  57,  69,  69,  19,  32,  13,  54,
  51,  53, 106, 106,  29,  38,  37,  64,  50,  74,  38,  73,  70,  94,  32,  57,  24,  71,  27,  86,  44,  67,  66,  92,  45,  80,  92,  77,  31,  51,  50,  85,  93,  88,  23,  21,  70,  57,  94,  97,  77,  95,  31,  73,  80,  76,  15,  41,   7,  70,
  83,  14,  69,  61,  39,  56,  27,  94,  21,  29,  66,  48,  23,  54,  80,  48,  51,  71,  38,  60,  60,  10,  14, 111,  21,  33,  39,  81,  60,  26,  72,  56,  45, 100,  67,  62,  62,  28,  82,  80,  40,  66,  48,  97,  78,  57,  51,  56,  60,  94,
  46,  41,  42,  47,  63,  30,  49,  52,  33,  30,  37,  11,  33,  34,  56,   8,  41,  21,  57,  22,  27,  44,  65,  61,  39,  34,  45,  30,  38,  68,  33,  22,  40,  49,  50,  48,  11,  24,  33,  34,  23,  31,  34,  51,  26,  11,  51,  27,  58,  49,
  41,  70,  51,  63,  87,  43,  76,  38,  62,  58,  43,  36,  62,  52,  59,  34,  58,  10,  81,  34,  37,  74,  94,  34,  67,  60,  70,   4,  49,  96,  32,  38,  63,  21,  60,  60,  19,  53,  19,  25,  49,  38,  52,  32,   4,  28,  69,  40,  73,  31,
  37,  34,  76,  78,  34,  13,  28,  50,  28,  48,  20,  44,  46,  65,  32,  28,   6,  44,  28,  57,  18,  47,  56,  74,  26,  54,  67,  52,  13,  49,  29,  56,  66,  66,  20,  16,  41,  30,  66,  68,  49,  66,   2,  56,  53,  47,  16,  15,  22,  53,
  51,  37,  40,  44,  61,  32,  47,  57,  29,  25,  40,   8,  27,  31,  60,   9,  42,  26,  55,  21,  30,  39,  60,  67,  36,  28,  40,  35,  41,  64,  37,  20,  36,  55,  52,  49,  16,  20,  36,  36,  18,  30,  34,  57,  31,  12,  51,  30,  59,  54,
  60,  37,  33,  35,  66,  41,  50,  66,  31,  18,  50,   4,  23,  21,  69,  19,  50,  33,  60,  16,  39,  36,  59,  73,  38,  21,  31,  41,  50,  65,  47,  13,  26,  61,  61,  58,  22,  21,  37,  35,   9,  24,  42,  65,  36,  13,  58,  39,  66,  63,
  58,  47, 104, 103,  20,  41,  30,  72,  46,  70,  43,  72,  66,  92,  41,  58,  26,  74,  19,  86,  47,  61,  58,  99,  40,  76,  88,  81,  36,  42,  55,  85,  89,  93,  30,  27,  71,  53,  96,  98,  75,  95,  32,  80,  83,  76,  15,  44,  13,  76,
  71,  63,  15,  28,  91,  61,  77,  72,  57,  40,  66,  25,  46,  20,  86,  39,  72,  36,  86,  10,  57,  59,  83,  69,  64,  38,  42,  40,  69,  91,  59,  13,  33,  56,  81,  79,  30,  47,  22,  16,  29,   3,  65,  68,  33,  20,  82,  58,  89,  66,
  73,  12,  55,  49,  45,  47,  30,  83,  14,  15,  57,  33,   9,  40,  73,  35,  46,  57,  42,  45,  49,   7,  29,  97,  19,  20,  30,  67,  53,  38,  61,  41,  33,  86,  62,  57,  47,  14,  67,  65,  25,  52,  41,  85,  63,  42,  50,  47,  59,  82,
  33,  68,  57,  68,  83,  37,  72,  30,  60,  59,  36,  38,  62,  56,  52,  32,  52,   9,  77,  39,  31,  73,  93,  32,  64,  62,  73,   4,  43,  93,  25,  42,  66,  20,  53,  53,  20,  52,  26,  32,  51,  44,  47,  25,  10,  31,  63,  34,  67,  24,
  17,  82,  85,  95,  86,  40,  80,   4,  73,  81,  33,  62,  82,  82,  37,  50,  53,  35,  80,  66,  36,  90, 106,  25,  75,  85,  96,  31,  41, 101,  24,  68,  91,  25,  45,  48,  44,  69,  53,  60,  74,  72,  51,   6,  38,  56,  62,  39,  62,   4,
  71,  55,  15,  23,  84,  57,  69,  74,  49,  31,  64,  18,  37,  12,  84,  35,  67,  38,  79,   6,  54,  50,  74,  74,  57,  29,  33,  43,  66,  83,  59,   6,  25,  61,  78,  75,  29,  40,  29,  23,  20,   6,  60,  70,  36,  17,  77,  54,  84,  69,
  43,  70,  49,  61,  89,  45,  77,  40,  62,  58,  46,  36,  62,  50,  62,  34,  60,  12,  83,  33,  39,  74,  95,  36,  68,  60,  69,   7,  52,  97,  35,  36,  61,  23,  62,  62,  19,  54,  16,  22,  48,  36,  54,  34,   4,  27,  71,  42,  76,  34,
  39,  93,  78,  90, 103,  56,  95,  27,  84,  85,  52,  64,  88,  79,  60,  57,  71,  34,  97,  62,  51,  99, 117,   6,  88,  88,  97,  26,  59, 116,  40,  66,  91,   7,  66,  68,  45,  77,  42,  49,  76,  65,  67,  17,  32,  55,  81,  54,  82,  20,
  42,  99,  85,  98, 108,  62, 101,  29,  91,  92,  56,  71,  95,  87,  62,  64,  76,  42, 102,  69,  56, 105, 124,   1,  94,  95, 105,  33,  64, 122,  45,  73,  98,  14,  70,  72,  52,  84,  49,  56,  83,  72,  72,  19,  39,  63,  85,  60,  86,  23,
  49,  74, 120, 123,  51,  48,  59,  61,  70,  92,  44,  88,  89, 110,  28,  71,  39,  79,  49, 100,  53,  88,  88,  90,  66,  99, 111,  83,  40,  73,  54, 100, 111,  89,  28,  30,  80,  75, 103, 107,  94, 109,  46,  71,  87,  89,  34,  51,  25,  68,
  22,  64,  97, 102,  55,  26,  55,  35,  58,  76,  18,  66,  75,  89,   2,  49,  26,  52,  50,  77,  29,  77,  85,  64,  56,  82,  95,  56,  19,  74,  27,  77,  92,  61,  11,  16,  55,  59,  76,  81,  75,  85,  30,  44,  60,  65,  30,  29,  26,  41,
  71,  70,  21,  35,  98,  64,  83,  71,  64,  48,  68,  31,  54,  28,  87,  43,  76,  36,  92,  17,  59,  67,  91,  64,  71,  47,  50,  37,  72,  99,  60,  21,  42,  51,  84,  82,  32,  54,  16,   9,  37,  11,  69,  65,  30,  25,  86,  61,  93,  64,
  58,  32,  91,  89,  11,  36,  15,  72,  31,  55,  42,  60,  51,  78,  46,  47,  22,  67,   6,  74,  42,  46,  44,  97,  25,  62,  73,  75,  34,  31,  52,  72,  75,  89,  33,  29,  62,  39,  87,  88,  61,  83,  25,  79,  76,  65,  14,  38,  20,  75,
  65,  25,  89,  85,   8,  41,   8,  79,  27,  51,  48,  59,  46,  75,  55,  48,  28,  70,   4,  73,  47,  39,  35, 102,  20,  57,  67,  78,  40,  22,  58,  71,  70,  94,  42,  37,  64,  37,  88,  89,  58,  82,  30,  85,  78,  65,  22,  43,  29,  81,
  24,  63,  98, 102,  53,  26,  53,  37,  57,  76,  19,  66,  74,  89,   4,  49,  25,  53,  48,  77,  29,  76,  83,  66,  55,  82,  94,  57,  18,  72,  29,  78,  92,  63,   9,  14,  56,  59,  78,  82,  75,  86,  29,  46,  62,  66,  28,  29,  24,  43,
  29,  87,  80,  91,  95,  48,  87,  17,  78,  82,  43,  61,  84,  79,  50,  52,  62,  32,  89,  62,  43,  94, 111,  13,  81,  85,  96,  25,  51, 109,  31,  65,  89,  13,  57,  59,  42,  72,  45,  52,  74,  66,  59,   7,  32,  54,  72,  46,  73,  10,
  32,  62, 103, 106,  48,  30,  50,  45,  57,  77,  25,  70,  75,  93,  12,  53,  25,  60,  44,  82,  34,  76,  81,  74,  54,  84,  96,  64,  22,  69,  36,  82,  95,  71,  10,  14,  62,  60,  84,  88,  78,  91,  30,  54,  69,  71,  25,  33,  18,  51,
  34,  35,  69,  71,  42,   7,  33,  45,  28,  44,  17,  36,  42,  58,  34,  19,  14,  35,  36,  49,  11,  47,  59,  67,  29,  50,  62,  43,  14,  55,  23,  48,  60,  58,  25,  21,  32,  27,  57,  59,  43,  58,   7,  50,  44,  38,  25,   8,  31,  47,
   5,  71,  90,  97,  69,  28,  65,  16,  63,  76,  18,  61,  76,  84,  17,  46,  36,  40,  63,  69,  26,  82,  94,  45,  63,  81,  94,  41,  25,  86,  17,  71,  90,  44,  26,  29,  47,  61,  64,  69,  72,  77,  37,  26,  47,  58,  44,  28,  43,  23,
  43,  75, 117, 121,  55,  45,  61,  54,  71,  92,  39,  85,  89, 108,  22,  68,  38,  74,  52,  97,  49,  89,  91,  83,  67,  98, 110,  77,  37,  77,  49,  97, 109,  82,  25,  28,  76,  74,  98, 103,  92, 105,  45,  64,  82,  86,  35,  48,  27,  61,
  37,  78,  62,  74,  92,  46,  82,  30,  70,  69,  44,  47,  72,  63,  57,  42,  61,  18,  86,  46,  40,  83, 103,  23,  74,  71,  81,   9,  51, 103,  32,  49,  74,  10,  60,  61,  29,  62,  28,  34,  60,  49,  56,  22,  15,  39,  72,  43,  75,  23,
  28,  82,  75,  86,  92,  45,  84,  18,  74,  77,  40,  56,  79,  74,  49,  47,  59,  27,  85,  57,  39,  89, 107,  16,  77,  80,  90,  20,  48, 105,  28,  60,  84,  11,  55,  57,  37,  68,  41,  48,  69,  61,  56,   9,  27,  49,  69,  43,  71,  10,
  59,  21,  82,  79,  16,  34,   6,  72,  21,  45,  42,  51,  40,  68,  51,  40,  23,  62,  10,  65,  39,  35,  36,  95,  14,  51,  62,  70,  34,  27,  51,  63,  64,  86,  38,  33,  56,  30,  80,  81,  51,  74,  23,  78,  70,  57,  20,  36,  28,  74,
  46,  38,  90,  90,  23,  26,  24,  60,  34,  58,  30,  57,  54,  78,  34,  42,  11,  59,  18,  71,  32,  52,  54,  86,  30,  64,  76,  66,  22,  43,  42,  70,  76,  79,  21,  16,  56,  40,  81,  83,  61,  80,  17,  68,  68,  61,   2,  29,  11,  64,
  74,  43,  23,  21,  74,  55,  59,  79,  39,  17,  64,  16,  23,   9,  83,  33,  62,  44,  69,  17,  53,  36,  60,  84,  46,  14,  20,  52,  63,  70,  61,  13,  13,  71,  75,  71,  34,  30,  42,  38,   8,  21,  55,  77,  46,  22,  70,  53,  79,  75,
  69,  13,  78,  73,  21,  43,   6,  81,  17,  39,  52,  50,  34,  64,  62,  43,  34,  66,  18,  64,  47,  25,  25, 102,  10,  45,  54,  75,  45,  19,  60,  61,  58,  93,  49,  44,  59,  27,  82,  82,  47,  72,  33,  86,  74,  58,  32,  44,  40,  83,
  34,  64, 105, 109,  49,  33,  52,  47,  60,  80,  28,  73,  78,  96,  13,  56,  27,  63,  45,  85,  37,  78,  82,  75,  56,  86,  99,  67,  25,  70,  38,  85,  98,  73,  13,  17,  64,  63,  87,  91,  80,  93,  33,  56,  71,  74,  26,  36,  19,  53,
  86,  47,  23,  14,  80,  66,  64,  91,  45,  21,  75,  28,  26,  11,  94,  44,  72,  56,  76,  27,  65,  38,  60,  95,  52,  15,  12,  63,  74,  73,  73,  23,   3,  82,  86,  82,  46,  37,  51,  46,  18,  28,  65,  89,  57,  34,  79,  64,  88,  87,
  35,  41,  84,  86,  35,  15,  32,  48,  36,  56,  18,  51,  53,  73,  25,  35,   3,  48,  29,  64,  21,  54,  61,  74,  33,  62,  75,  55,  10,  52,  30,  63,  74,  67,  13,   8,  46,  38,  71,  74,  57,  73,   9,  56,  57,  53,  11,  18,  16,  52,
  62,  11,  57,  54,  40,  36,  24,  73,   4,  20,  46,  29,  16,  43,  62,  26,  35,  50,  35,  43,  39,  17,  35,  89,  12,  26,  38,  59,  42,  39,  50,  40,  39,  78,  51,  46,  40,   6,  62,  61,  26,  51,  30,  75,  56,  37,  40,  36,  49,  72,
  88,  60,  10,   6,  92,  72,  76,  91,  56,  33,  79,  32,  39,   9,  99,  49,  80,  55,  87,  23,  69,  51,  74,  91,  64,  28,  25,  60,  80,  86,  75,  21,  17,  77,  92,  89,  46,  48,  44,  37,  26,  19,  73,  87,  53,  34,  88,  69,  96,  86,
  34,  74,  61,  72,  88,  42,  78,  29,  65,  65,  40,  43,  68,  60,  54,  37,  57,  14,  82,  43,  36,  79,  98,  26,  70,  68,  77,   6,  47,  98,  28,  46,  71,  14,  56,  57,  25,  58,  27,  34,  56,  47,  52,  22,  13,  35,  68,  39,  71,  22,
  42,  83,  62,  75,  98,  52,  88,  35,  74,  72,  50,  50,  75,  64,  63,  46,  67,  23,  92,  47,  46,  87, 107,  22,  79,  74,  83,  14,  57, 108,  38,  51,  76,   9,  66,  67,  33,  67,  26,  33,  62,  49,  62,  26,  17,  41,  78,  49,  81,  27,
  54,  71, 121, 122,  46,  50,  55,  66,  68,  91,  46,  88,  88, 110,  33,  71,  39,  81,  45, 101,  55,  85,  84,  95,  63,  97, 110,  86,  42,  68,  58, 100, 110,  93,  30,  31,  82,  74, 105, 109,  93, 110,  46,  76,  90,  90,  32,  53,  23,  73,
  27,  48,  60,  66,  61,  16,  51,  35,  40,  46,  20,  30,  48,  53,  39,  15,  31,  17,  54,  39,  11,  56,  73,  50,  43,  51,  63,  25,  24,  71,  14,  40,  59,  40,  35,  34,  17,  34,  40,  44,  41,  47,  25,  36,  26,  27,  42,  13,  47,  33,
  51,  80,  50,  64,  99,  55,  87,  46,  72,  65,  55,  43,  69,  54,  71,  44,  70,  22,  93,  37,  49,  82, 103,  34,  77,  66,  74,  16,  62, 106,  44,  41,  66,  22,  72,  72,  29,  63,  14,  21,  55,  38,  64,  38,  13,  34,  81,  52,  85,  38,
  73,  10,  58,  52,  43,  48,  28,  84,  13,  18,  58,  35,  12,  43,  73,  36,  46,  59,  40,  48,  50,   6,  26,  99,  17,  23,  32,  69,  53,  35,  62,  44,  36,  88,  61,  57,  50,  16,  69,  67,  28,  55,  41,  86,  65,  44,  48,  47,  57,  83,
  34,  68,  56,  67,  84,  38,  73,  32,  60,  59,  38,  38,  62,  55,  53,  32,  53,   9,  77,  38,  32,  73,  93,  32,  64,  62,  72,   2,  44,  93,  26,  41,  65,  20,  54,  54,  19,  52,  25,  31,  50,  43,  48,  26,   9,  30,  64,  35,  68,  25,
  54,  61,  33,  44,  85,  47,  71,  55,  54,  44,  52,  22,  49,  33,  70,  29,  61,  19,  79,  16,  43,  62,  84,  53,  60,  45,  52,  22,  55,  89,  43,  20,  45,  40,  67,  66,  15,  44,  12,  12,  33,  19,  54,  50,  15,  13,  71,  44,  77,  49,
  78,  58,   9,  16,  88,  64,  73,  81,  53,  32,  71,  24,  38,   8,  90,  41,  73,  45,  83,  14,  61,  51,  75,  81,  60,  29,  30,  50,  72,  85,  66,  12,  21,  67,  84,  81,  36,  43,  34,  28,  22,  10,  66,  78,  43,  25,  82,  61,  90,  76,
  92,  24,  71,  61,  47,  66,  36, 103,  31,  33,  76,  54,  28,  56,  90,  56,  61,  79,  47,  64,  69,  15,  13, 119,  31,  35,  38,  88,  70,  30,  81,  60,  45, 108,  77,  72,  69,  36,  88,  85,  44,  70,  58, 106,  85,  63,  61,  66,  70, 103,
  72,   9,  75,  70,  25,  46,  12,  84,  16,  35,  55,  49,  30,  60,  66,  43,  38,  67,  23,  62,  50,  21,  21, 104,  11,  41,  50,  76,  48,  19,  62,  59,  54,  94,  54,  49,  59,  25,  81,  81,  44,  70,  36,  89,  74,  57,  37,  47,  45,  85,
  80,  44,  24,  17,  76,  61,  60,  86,  41,  17,  70,  23,  23,   9,  89,  39,  67,  51,  72,  23,  59,  35,  58,  91,  48,  12,  14,  59,  69,  70,  67,  19,   6,  78,  80,  77,  41,  33,  48,  43,  13,  26,  60,  84,  52,  29,  74,  59,  83,  82,
  59,  19,  79,  77,  18,  33,   6,  72,  19,  43,  41,  49,  38,  66,  51,  38,  23,  60,  13,  63,  38,  34,  36,  94,  12,  49,  60,  69,  34,  28,  50,  61,  62,  85,  38,  33,  54,  27,  78,  79,  49,  72,  23,  77,  68,  55,  21,  35,  30,  74,
  72,  41,  25,  23,  72,  53,  57,  77,  37,  16,  61,  14,  22,  11,  80,  30,  60,  43,  68,  16,  51,  36,  59,  82,  44,  14,  22,  50,  61,  69,  58,  12,  15,  69,  73,  69,  32,  28,  41,  37,   6,  21,  53,  75,  44,  21,  68,  51,  76,  73,
  49,  87,  60,  74, 103,  58,  92,  41,  78,  74,  56,  52,  78,  64,  69,  50,  73,  27,  97,  47,  51,  90, 111,  25,  83,  75,  84,  18,  63, 112,  44,  51,  76,  13,  72,  73,  36,  70,  24,  31,  64,  48,  67,  32,  20,  43,  84,  55,  87,  33,
  13,  62,  72,  80,  69,  22,  62,  19,  54,  63,  17,  45,  64,  67,  31,  31,  36,  23,  63,  52,  17,  71,  87,  39,  56,  67,  79,  25,  25,  83,   5,  54,  74,  33,  33,  34,  29,  50,  46,  52,  57,  59,  33,  22,  30,  41,  46,  21,  49,  18,
  59,  44, 103, 102,  17,  41,  27,  73,  44,  68,  44,  71,  64,  90,  43,  57,  26,  74,  16,  85,  47,  59,  55, 100,  38,  74,  86,  81,  36,  39,  56,  83,  87,  94,  32,  28,  71,  52,  96,  98,  73,  94,  32,  81,  83,  75,  15,  44,  15,  77,
  49,  62, 112, 114,  39,  42,  47,  62,  60,  82,  40,  80,  79, 101,  29,  63,  30,  74,  37,  93,  47,  77,  76,  91,  55,  89, 101,  80,  34,  61,  51,  92, 101,  88,  23,  24,  74,  65,  98, 102,  85, 102,  38,  72,  83,  82,  23,  45,  14,  69,
  32,  83,  72,  84,  94,  47,  86,  23,  75,  76,  43,  55,  79,  72,  53,  48,  62,  26,  88,  55,  42,  90, 108,  15,  79,  79,  90,  18,  51, 107,  31,  59,  83,   7,  58,  60,  37,  68,  38,  45,  68,  59,  58,  13,  25,  48,  72,  45,  74,  15,
  26,  71,  66,  76,  83,  36,  74,  22,  63,  66,  33,  45,  68,  64,  46,  36,  51,  16,  77,  47,  30,  78,  96,  27,  67,  69,  80,  12,  40,  95,  21,  50,  74,  17,  49,  50,  26,  57,  34,  41,  58,  52,  47,  17,  19,  38,  62,  34,  64,  16,
  55,  58, 112, 112,  32,  43,  41,  68,  56,  79,  43,  79,  76,  99,  35,  63,  30,  76,  31,  92,  49,  72,  70,  96,  50,  86,  98,  82,  36,  54,  55,  91,  98,  92,  27,  26,  75,  62, 100, 103,  83, 101,  37,  77,  86,  82,  21,  47,  13,  74,
  42,  86,  66,  79, 100,  54,  90,  34,  78,  76,  51,  54,  79,  68,  63,  50,  69,  26,  94,  51,  48,  91, 111,  18,  82,  78,  87,  17,  59, 111,  39,  55,  80,   5,  67,  68,  36,  70,  30,  37,  66,  53,  64,  24,  21,  45,  80,  51,  82,  26,
  79,  11,  72,  65,  34,  53,  21,  91,  19,  32,  62,  49,  26,  57,  75,  47,  47,  70,  32,  61,  56,  14,  14, 109,  17,  36,  44,  80,  56,  22,  69,  58,  49,  98,  62,  57,  61,  27,  82,  81,  42,  69,  44,  95,  77,  57,  46,  53,  55,  91,
  40,  93,  78,  91, 104,  57,  96,  28,  85,  85,  52,  64,  89,  80,  61,  57,  72,  35,  98,  62,  51,  99, 118,   6,  89,  88,  98,  26,  60, 117,  41,  66,  91,   7,  67,  69,  46,  78,  42,  49,  77,  65,  68,  18,  32,  56,  82,  55,  83,  21,
  78,  27,  93,  87,  13,  53,  14,  91,  32,  53,  61,  65,  47,  78,  68,  57,  41,  80,  16,  79,  59,  37,  26, 114,  25,  59,  67,  89,  53,   9,  70,  76,  71, 105,  55,  50,  73,  42,  97,  97,  62,  87,  43,  97,  88,  72,  35,  55,  41,  94,
  25,  87,  84,  95,  93,  47,  86,  12,  78,  84,  40,  64,  86,  83,  45,  53,  60,  35,  87,  66,  42,  95, 111,  17,  81,  88,  98,  29,  48, 108,  30,  69,  93,  19,  53,  56,  45,  73,  51,  58,  76,  71,  57,   3,  37,  57,  69,  45,  70,   6,
  80,  63,   5,  17,  93,  67,  78,  83,  58,  37,  74,  28,  43,  13,  93,  45,  77,  46,  88,  16,  64,  56,  80,  80,  65,  34,  34,  50,  76,  90,  68,  16,  26,  67,  88,  85,  38,  48,  33,  26,  27,   9,  70,  78,  43,  27,  86,  64,  94,  77,
  28,  52,  91,  94,  43,  18,  42,  42,  46,  66,  15,  58,  64,  81,  15,  41,  14,  50,  38,  70,  23,  65,  72,  69,  44,  72,  84,  55,  10,  62,  27,  70,  83,  64,   2,   4,  50,  48,  74,  77,  66,  79,  19,  50,  59,  59,  18,  21,  17,  46,
   ];