5 medianas
70  Clientes 

Cliente 1 : (12, 73)
Cliente 2 : (29, 15)
Cliente 3 : (21, 61)
Cliente 4 : (70, 71)
Cliente 5 : (86, 15)
Cliente 6 : (54, 53)
Cliente 7 : (64, 97)
Cliente 8 : (80, 69)
Cliente 9 : (99, 88)
Cliente 10 : (40, 75)
Cliente 11 : (21, 22)
Cliente 12 : (46, 55)
Cliente 13 : (20, 91)
Cliente 14 : (69, 13)
Cliente 15 : (42, 40)
Cliente 16 : (40, 64)
Cliente 17 : (23, 75)
Cliente 18 : (3, 31)
Cliente 19 : (88, 25)
Cliente 20 : (47, 71)
Cliente 21 : (0, 49)
Cliente 22 : (59, 10)
Cliente 23 : (94, 38)
Cliente 24 : (4, 43)
Cliente 25 : (83, 33)
Cliente 26 : (26, 90)
Cliente 27 : (87, 9)
Cliente 28 : (15, 72)
Cliente 29 : (97, 47)
Cliente 30 : (8, 57)
Cliente 31 : (8, 69)
Cliente 32 : (88, 85)
Cliente 33 : (62, 52)
Cliente 34 : (82, 66)
Cliente 35 : (67, 32)
Cliente 36 : (2, 53)
Cliente 37 : (95, 41)
Cliente 38 : (59, 77)
Cliente 39 : (37, 11)
Cliente 40 : (0, 67)
Cliente 41 : (23, 17)
Cliente 42 : (58, 71)
Cliente 43 : (88, 63)
Cliente 44 : (60, 87)
Cliente 45 : (8, 7)
Cliente 46 : (43, 100)
Cliente 47 : (80, 77)
Cliente 48 : (95, 75)
Cliente 49 : (64, 57)
Cliente 50 : (77, 34)
Cliente 51 : (27, 98)
Cliente 52 : (53, 15)
Cliente 53 : (35, 28)
Cliente 54 : (50, 41)
Cliente 55 : (42, 87)
Cliente 56 : (1, 45)
Cliente 57 : (86, 43)
Cliente 58 : (92, 73)
Cliente 59 : (100, 85)
Cliente 60 : (83, 61)
Cliente 61 : (7, 7)
Cliente 62 : (62, 2)
Cliente 63 : (20, 50)
Cliente 64 : (71, 96)
Cliente 65 : (71, 60)
Cliente 66 : (3, 58)
Cliente 67 : (15, 29)
Cliente 68 : (80, 71)
Cliente 69 : (60, 75)
Cliente 70 : (52, 25)

Demanda dos Clientes:
q::[35, 20, 22, 22, 40, 15, 4, 32, 33, 36, 21, 12, 25, 3, 19, 31, 36, 21, 16, 39, 35, 7, 40, 24, 9, 18, 35, 38, 3, 19, 21, 39, 32, 19, 29, 8, 14, 6, 1, 13, 11, 20, 4, 17, 11, 11, 39, 18, 30, 34, 12, 2, 17, 33, 23, 16, 20, 5, 18, 21, 10, 23, 28, 24, 31, 29, 30, 23, 23, 23];

50 Locais 
Local 1 : (90, 22)
Local 2 : (42, 25)
Local 3 : (88, 17)
Local 4 : (37, 23)
Local 5 : (82, 56)
Local 6 : (47, 6)
Local 7 : (100, 89)
Local 8 : (19, 65)
Local 9 : (2, 45)
Local 10 : (90, 97)
Local 11 : (15, 42)
Local 12 : (71, 69)
Local 13 : (78, 46)
Local 14 : (20, 72)
Local 15 : (92, 7)
Local 16 : (34, 72)
Local 17 : (39, 82)
Local 18 : (60, 59)
Local 19 : (59, 43)
Local 20 : (72, 10)
Local 21 : (63, 68)
Local 22 : (11, 41)
Local 23 : (4, 24)
Local 24 : (67, 95)
Local 25 : (46, 37)
Local 26 : (41, 1)
Local 27 : (24, 100)
Local 28 : (48, 23)
Local 29 : (18, 9)
Local 30 : (23, 66)
Local 31 : (83, 85)
Local 32 : (13, 12)
Local 33 : (89, 6)
Local 34 : (40, 19)
Local 35 : (69, 22)
Local 36 : (93, 53)
Local 37 : (15, 9)
Local 38 : (23, 89)
Local 39 : (65, 10)
Local 40 : (90, 79)
Local 41 : (95, 32)
Local 42 : (64, 42)
Local 43 : (75, 87)
Local 44 : (63, 95)
Local 45 : (87, 73)
Local 46 : (42, 16)
Local 47 : (44, 76)
Local 48 : (32, 66)
Local 49 : (30, 5)
Local 50 : (5, 52)
Capacidade de cada local: 599

D :: [
  93,  57,  94,  56,  72,  76,  89,  11,  30,  82,  31,  59,  71,   8, 104,  22,  28,  50,  56,  87,  51,  32,  50,  59,  50,  78,  30,  62,  64,  13,  72,  61, 102,  61,  76,  83,  64,  19,  82,  78,  93,  61,  65,  56,  75,  64,  32,  21,  70,  22,
  61,  16,  59,  11,  67,  20, 103,  51,  40, 102,  30,  68,  58,  58,  64,  57,  68,  54,  41,  43,  63,  32,  27,  89,  28,  18,  85,  21,  13,  51,  88,  16,  61,  12,  41,  74,  15,  74,  36,  88,  68,  44,  85,  87,  82,  13,  63,  51,  10,  44,
  79,  42,  80,  41,  61,  61,  84,   4,  25,  78,  20,  51,  59,  11,  89,  17,  28,  39,  42,  72,  43,  22,  41,  57,  35,  63,  39,  47,  52,   5,  66,  50,  87,  46,  62,  72,  52,  28,  67,  71,  79,  47,  60,  54,  67,  50,  27,  12,  57,  18,
  53,  54,  57,  58,  19,  69,  35,  51,  73,  33,  62,   2,  26,  50,  68,  36,  33,  16,  30,  61,   8,  66,  81,  24,  42,  76,  54,  53,  81,  47,  19,  82,  68,  60,  49,  29,  83,  50,  61,  22,  46,  30,  17,  25,  17,  62,  26,  38,  77,  68,
   8,  45,   3,  50,  41,  40,  75,  84,  89,  82,  76,  56,  32,  87,  10,  77,  82,  51,  39,  15,  58,  79,  82,  82,  46,  47, 105,  39,  68,  81,  70,  73,   9,  46,  18,  39,  71,  97,  22,  64,  19,  35,  73,  83,  58,  44,  74,  74,  57,  89,
  48,  30,  50,  34,  28,  48,  58,  37,  53,  57,  41,  23,  25,  39,  60,  28,  33,   8,  11,  47,  17,  45,  58,  44,  18,  54,  56,  31,  57,  34,  43,  58,  59,  37,  34,  39,  59,  48,  44,  44,  46,  15,  40,  43,  39,  39,  25,  26,  54,  49,
  79,  75,  84,  79,  45,  93,  37,  55,  81,  26,  74,  29,  53,  51,  94,  39,  29,  38,  54,  87,  29,  77,  94,   4,  63,  99,  40,  76,  99,  51,  22,  99,  94,  82,  75,  53, 101,  42,  87,  32,  72,  55,  15,   2,  33,  84,  29,  45,  98,  74,
  48,  58,  53,  63,  13,  71,  28,  61,  82,  30,  70,   9,  23,  60,  63,  46,  43,  22,  33,  60,  17,  74,  88,  29,  47,  78,  64,  56,  86,  57,  16,  88,  64,  64,  48,  21,  88,  60,  61,  14,  40,  31,  19,  31,   8,  65,  37,  48,  81,  77,
  67,  85,  72,  90,  36,  97,   1,  83, 106,  13,  96,  34,  47,  81,  81,  67,  60,  49,  60,  83,  41, 100, 115,  33,  74, 105,  76,  83, 113,  79,  16, 115,  83,  91,  72,  36, 115,  76,  85,  13,  56,  58,  24,  37,  19,  92,  56,  71, 108, 101,
  73,  50,  75,  52,  46,  69,  62,  23,  48,  55,  41,  32,  48,  20,  86,   7,   7,  26,  37,  72,  24,  45,  62,  34,  38,  74,  30,  53,  70,  19,  44,  69,  85,  56,  60,  57,  71,  22,  70,  50,  70,  41,  37,  30,  47,  59,   4,  12,  71,  42,
  69,  21,  67,  16,  70,  31, 104,  43,  30, 102,  21,  69,  62,  50,  73,  52,  63,  54,  43,  52,  62,  21,  17,  86,  29,  29,  78,  27,  13,  44,  88,  13,  70,  19,  48,  78,  14,  67,  46,  89,  75,  47,  85,  84,  83,  22,  59,  45,  19,  34,
  55,  30,  57,  33,  36,  49,  64,  29,  45,  61,  34,  29,  33,  31,  66,  21,  28,  15,  18,  52,  21,  38,  52,  45,  18,  54,  50,  32,  54,  25,  48,  54,  65,  36,  40,  47,  55,  41,  49,  50,  54,  22,  43,  43,  45,  39,  21,  18,  52,  41,
  98,  70, 100,  70,  71,  89,  80,  26,  49,  70,  49,  56,  73,  19, 111,  24,  21,  51,  62,  96,  49,  51,  69,  47,  60,  92,  10,  74,  82,  25,  63,  79, 109,  75,  85,  82,  82,   4,  93,  71,  95,  66,  55,  43,  69,  78,  28,  28,  87,  42,
  23,  30,  19,  34,  45,  23,  82,  72,  74,  87,  61,  56,  34,  77,  24,  69,  75,  47,  32,   4,  55,  64,  66,  82,  33,  30,  98,  23,  51,  70,  73,  56,  21,  30,   9,  47,  54,  89,   5,  69,  32,  29,  74,  82,  63,  27,  68,  65,  40,  75,
  51,  15,  51,  18,  43,  34,  76,  34,  40,  75,  27,  41,  36,  39,  60,  33,  42,  26,  17,  42,  35,  31,  41,  60,   5,  39,  63,  18,  39,  32,  61,  40,  58,  21,  32,  53,  41,  53,  38,  62,  54,  22,  57,  59,  56,  24,  36,  28,  37,  39,
  65,  39,  67,  41,  43,  58,  65,  21,  42,  60,  33,  31,  42,  22,  77,  10,  18,  21,  28,  63,  23,  37,  54,  41,  28,  63,  39,  42,  59,  17,  48,  59,  76,  45,  51,  54,  60,  30,  60,  52,  64,  33,  42,  39,  48,  48,  13,   8,  60,  37,
  85,  53,  87,  54,  62,  73,  78,  11,  37,  71,  34,  48,  62,   4,  97,  11,  17,  40,  48,  81,  41,  36,  54,  48,  44,  76,  25,  58,  66,   9,  61,  64,  95,  59,  70,  73,  66,  14,  77,  67,  84,  53,  53,  45,  64,  62,  21,  13,  70,  29,
  87,  39,  86,  35,  83,  51, 113,  38,  14, 109,  16,  78,  76,  44,  92,  51,  62,  64,  57,  72,  70,  13,   7,  91,  43,  48,  72,  46,  27,  40,  97,  21,  90,  39,  67,  93,  25,  61,  65,  99,  92,  62,  91,  88,  94,  42,  61,  45,  37,  21,
   4,  46,   8,  51,  32,  45,  65,  80,  88,  72,  75,  47,  23,  83,  18,  72,  75,  44,  34,  22,  50,  79,  84,  73,  44,  53,  99,  40,  72,  77,  60,  76,  19,  48,  19,  28,  75,  91,  27,  54,  10,  29,  63,  74,  48,  47,  67,  69,  61,  87,
  65,  46,  68,  49,  38,  65,  56,  29,  52,  50,  43,  24,  40,  27,  78,  13,  14,  18,  30,  66,  16,  47,  64,  31,  34,  70,  37,  48,  68,  25,  39,  68,  77,  52,  54,  49,  70,  30,  64,  44,  62,  34,  32,  29,  40,  55,   6,  16,  68,  46,
  94,  48,  94,  45,  82,  64, 108,  25,   4, 102,  17,  74,  78,  30, 101,  41,  51,  61,  59,  82,  66,  14,  25,  81,  48,  63,  56,  55,  44,  29,  90,  39,  99,  50,  74,  93,  43,  46,  76,  95,  97,  64,  84,  78,  90,  53,  52,  36,  53,   6,
  33,  23,  30,  26,  51,  13,  89,  68,  67,  92,  54,  60,  41,  73,  33,  67,  75,  49,  33,  13,  58,  57,  57,  85,  30,  20,  97,  17,  41,  67,  79,  46,  30,  21,  16,  55,  44,  87,   6,  76,  42,  32,  79,  85,  69,  18,  68,  62,  29,  68,
  16,  54,  22,  59,  22,  57,  51,  80,  92,  59,  79,  39,  18,  81,  31,  69,  70,  40,  35,  36,  43,  83,  91,  63,  48,  65,  94,  48,  81,  76,  48,  85,  32,  57,  30,  15,  84,  87,  40,  41,   6,  30,  53,  65,  36,  56,  63,  68,  72,  90,
  89,  42,  88,  39,  79,  57, 106,  27,   3, 102,  11,  72,  74,  33,  95,  42,  52,  58,  55,  76,  64,   7,  19,  82,  42,  56,  60,  48,  37,  30,  89,  32,  93,  43,  68,  90,  36,  50,  69,  93,  92,  60,  84,  79,  88,  47,  52,  36,  46,   9,
  13,  42,  17,  47,  23,  45,  59,  72,  82,  64,  69,  38,  14,  74,  28,  63,  66,  35,  26,  25,  40,  72,  80,  64,  37,  53,  89,  36,  69,  68,  52,  73,  28,  45,  18,  22,  72,  82,  29,  47,  12,  21,  55,  65,  40,  44,  58,  61,  60,  80,
  93,  67,  96,  68,  66,  87,  74,  26,  51,  64,  49,  50,  68,  19, 106,  20,  15,  46,  57,  92,  43,  51,  70,  41,  57,  90,  10,  71,  81,  24,  57,  79, 105,  72,  80,  77,  82,   3,  89,  65,  90,  61,  49,  37,  63,  76,  23,  25,  85,  43,
  13,  48,   8,  52,  47,  40,  81,  88,  92,  88,  79,  62,  38,  92,   5,  82,  87,  57,  44,  15,  64,  82,  84,  88,  50,  47, 111,  41,  69,  86,  76,  74,   4,  48,  22,  44,  72, 102,  22,  70,  24,  40,  79,  89,  64,  46,  80,  79,  57,  93,
  90,  54,  91,  54,  69,  73,  87,   8,  30,  79,  30,  56,  68,   5, 101,  19,  26,  47,  53,  84,  48,  31,  49,  57,  47,  76,  29,  59,  63,  10,  69,  60,  99,  59,  74,  80,  63,  19,  80,  75,  89,  57,  62,  53,  72,  62,  29,  18,  69,  22,
  26,  59,  31,  65,  17,  65,  42,  80,  95,  50,  82,  34,  19,  81,  40,  68,  68,  39,  38,  45,  40,  86,  96,  57,  52,  72,  90,  55,  88,  76,  40,  91,  42,  64,  38,   7,  90,  85,  49,  33,  15,  33,  46,  59,  28,  63,  60,  68,  79,  92,
  89,  47,  89,  45,  74,  64,  97,  14,  13,  91,  17,  64,  71,  19,  98,  30,  40,  52,  53,  79,  56,  16,  33,  70,  43,  65,  46,  52,  49,  17,  80,  45,  96,  50,  70,  85,  49,  35,  74,  85,  91,  58,  73,  67,  81,  53,  41,  26,  56,   6,
  95,  56,  95,  54,  75,  74,  94,  12,  25,  87,  28,  63,  74,  12, 104,  26,  34,  53,  57,  87,  55,  28,  45,  64,  50,  76,  35,  61,  61,  15,  77,  57, 103,  59,  77,  86,  60,  25,  82,  83,  95,  62,  69,  61,  79,  63,  37,  24,  68,  17,
  63,  76,  68,  80,  30,  89,  13,  72,  95,  12,  85,  23,  40,  69,  78,  56,  49,  38,  51,  77,  30,  89, 104,  23,  64,  96,  66,  74, 103,  68,   5, 105,  79,  82,  66,  32, 105,  65,  78,   6,  53,  49,  13,  27,  12,  83,  45,  59,  99,  89,
  41,  34,  44,  38,  20,  48,  53,  45,  60,  53,  48,  19,  17,  47,  54,  34,  38,   7,   9,  43,  16,  52,  64,  43,  22,  55,  61,  32,  62,  41,  39,  63,  53,  40,  31,  31,  64,  54,  42,  39,  39,  10,  37,  43,  33,  41,  30,  33,  57,  57,
  45,  57,  49,  62,  10,  69,  29,  63,  83,  32,  71,  11,  20,  62,  60,  48,  46,  23,  33,  57,  19,  75,  89,  33,  46,  77,  67,  55,  86,  59,  19,  88,  60,  63,  46,  17,  88,  63,  59,  15,  36,  30,  22,  35,   9,  64,  39,  50,  80,  78,
  25,  26,  26,  31,  28,  33,  66,  58,  66,  69,  53,  37,  18,  62,  35,  52,  57,  28,  14,  23,  36,  57,  64,  63,  22,  40,  80,  21,  54,  56,  55,  58,  34,  30,  10,  33,  57,  72,  22,  52,  28,  10,  56,  63,  46,  30,  50,  49,  46,  65,
  93,  49,  93,  46,  80,  65, 104,  21,   8,  98,  17,  71,  76,  26, 101,  37,  47,  58,  58,  82,  63,  15,  29,  77,  47,  65,  52,  55,  47,  25,  87,  42,  99,  51,  74,  91,  46,  42,  76,  92,  95,  63,  81,  74,  87,  54,  48,  33,  56,   3,
  20,  55,  25,  61,  20,  59,  48,  80,  93,  56,  80,  37,  18,  81,  34,  68,  69,  39,  36,  39,  42,  84,  93,  61,  49,  67,  92,  50,  83,  76,  46,  87,  36,  59,  32,  12,  86,  87,  43,  38,   9,  31,  50,  63,  33,  59,  62,  68,  74,  91,
  63,  55,  67,  58,  31,  72,  43,  42,  65,  37,  56,  14,  36,  39,  77,  25,  21,  18,  34,  68,  10,  60,  76,  20,  42,  78,  42,  55,  79,  38,  25,  80,  77,  61,  56,  42,  81,  38,  67,  31,  58,  35,  19,  18,  28,  63,  15,  29,  78,  60,
  54,  15,  51,  12,  64,  11, 100,  57,  49, 101,  38,  67,  54,  63,  55,  61,  71,  53,  39,  35,  63,  40,  35,  89,  28,  11,  90,  16,  19,  57,  87,  24,  52,   9,  34,  70,  22,  79,  28,  86,  62,  41,  85,  88,  80,   7,  65,  55,   9,  52,
 101,  59, 101,  57,  83,  77, 102,  19,  22,  95,  29,  71,  81,  21, 110,  34,  42,  61,  64,  92,  63,  28,  43,  73,  55,  78,  41,  65,  61,  23,  85,  57, 108,  62,  82,  94,  60,  32,  86,  91, 101,  69,  78,  69,  87,  66,  45,  32,  69,  16,
  67,  21,  65,  15,  71,  26, 105,  48,  35, 104,  26,  71,  62,  55,  70,  56,  67,  56,  44,  49,  65,  27,  20,  90,  30,  24,  83,  26,   9,  49,  91,  11,  67,  17,  46,  79,  11,  72,  43,  91,  74,  48,  87,  88,  85,  19,  63,  50,  14,  39,
  59,  49,  62,  52,  28,  66,  46,  39,  62,  41,  52,  13,  32,  38,  72,  24,  22,  12,  28,  63,   6,  56,  72,  26,  36,  72,  45,  49,  74,  35,  29,  74,  72,  55,  50,  39,  75,  39,  61,  33,  54,  30,  23,  25,  29,  57,  15,  26,  72,  56,
  41,  60,  46,  65,   9,  70,  29,  69,  88,  34,  76,  18,  20,  69,  56,  55,  53,  28,  35,  55,  25,  80,  93,  38,  49,  78,  74,  57,  88,  65,  23,  91,  57,  65,  45,  11,  91,  70,  58,  16,  32,  32,  27,  41,  10,  66,  46,  56,  82,  84,
  72,  65,  75,  68,  38,  82,  40,  47,  72,  32,  64,  21,  45,  43,  86,  30,  22,  28,  44,  78,  19,  67,  84,  11,  52,  88,  38,  65,  89,  43,  23,  89,  86,  71,  66,  47,  90,  37,  77,  31,  65,  45,  15,   9,  30,  73,  19,  35,  87,  65,
  83,  38,  81,  33,  89,  39, 123,  59,  38, 122,  36,  88,  80,  66,  84,  70,  81,  74,  62,  64,  82,  34,  17, 106,  48,  34,  94,  43,  10,  61, 108,   7,  81,  34,  63,  97,   7,  83,  57, 109,  91,  66, 104, 104, 103,  35,  78,  64,  22,  45,
  91,  75,  94,  77,  59,  94,  58,  42,  69,  47,  64,  42,  64,  36, 105,  29,  18,  44,  59,  95,  38,  67,  85,  25,  63,  99,  19,  77,  94,  39,  43,  93, 105,  81,  82,  69,  95,  23,  93,  51,  86,  62,  35,  21,  52,  84,  24,  36,  96,  61,
  56,  64,  61,  69,  21,  78,  23,  62,  84,  22,  74,  12,  31,  60,  71,  46,  41,  27,  40,  67,  19,  78,  93,  22,  52,  85,  61,  63,  92,  58,   9,  93,  72,  70,  56,  27,  94,  58,  69,  10,  47,  38,  11,  25,   8,  72,  36,  49,  88,  79,
  53,  73,  58,  78,  23,  84,  15,  77,  98,  23,  87,  25,  34,  75,  68,  61,  56,  38,  48,  69,  33,  91, 104,  34,  62,  92,  75,  70, 101,  73,  16, 103,  69,  78,  59,  22, 104,  73,  72,   6,  43,  45,  23,  38,   8,  79,  51,  64,  96,  93,
  44,  39,  47,  43,  18,  54,  48,  46,  63,  48,  51,  14,  18,  46,  57,  34,  35,   4,  15,  48,  11,  55,  68,  38,  27,  61,  59,  38,  66,  42,  34,  68,  57,  45,  35,  29,  69,  52,  47,  34,  40,  15,  32,  38,  28,  47,  28,  33,  62,  59,
  18,  36,  20,  41,  23,  41,  60,  66,  76,  64,  63,  36,  12,  69,  31,  57,  61,  30,  20,  25,  37,  66,  74,  62,  31,  49,  85,  31,  64,  63,  51,  68,  30,  40,  14,  25,  67,  77,  27,  47,  18,  15,  53,  63,  40,  39,  53,  55,  55,  74,
  99,  75, 101,  76,  69,  94,  74,  34,  59,  63,  57,  53,  73,  27, 112,  27,  20,  51,  64,  99,  47,  59,  77,  40,  64,  98,   4,  78,  89,  32,  57,  87, 111,  80,  87,  80,  90,  10,  96,  66,  95,  67,  49,  36,  65,  83,  28,  32,  93,  51,
  38,  15,  35,  18,  50,  11,  88,  60,  59,  90,  47,  57,  40,  66,  40,  60,  68,  45,  29,  20,  54,  49,  50,  81,  23,  18,  90,   9,  36,  59,  76,  40,  37,  14,  17,  55,  38,  80,  13,  74,  45,  29,  75,  81,  67,  11,  62,  55,  25,  61,
  55,   8,  54,   5,  55,  25,  89,  40,  37,  88,  24,  55,  47,  46,  61,  44,  54,  40,  28,  41,  49,  27,  31,  74,  14,  28,  73,  14,  25,  40,  75,  27,  58,  10,  35,  63,  28,  62,  35,  75,  60,  32,  71,  73,  69,  14,  49,  38,  24,  38,
  44,  18,  45,  22,  35,  35,  69,  39,  48,  69,  35,  35,  28,  43,  54,  35,  42,  21,   9,  38,  30,  39,  49,  57,   6,  41,  64,  18,  45,  37,  55,  47,  52,  24,  27,  45,  47,  55,  34,  55,  46,  14,  52,  56,  49,  26,  36,  31,  41,  46,
  81,  62,  84,  64,  51,  81,  58,  32,  58,  49,  52,  34,  55,  27,  94,  17,   6,  33,  47,  83,  28,  55,  74,  26,  50,  86,  22,  64,  82,  28,  41,  80,  94,  68,  70,  61,  83,  19,  80,  49,  76,  50,  33,  22,  47,  71,  11,  23,  83,  51,
  92,  46,  91,  42,  82,  60, 108,  27,   1, 103,  14,  74,  77,  33,  99,  43,  53,  61,  58,  79,  66,  11,  21,  83,  46,  59,  60,  52,  40,  30,  91,  35,  96,  47,  72,  92,  39,  49,  73,  95,  95,  63,  85,  80,  90,  50,  53,  37,  49,   8,
  21,  48,  26,  53,  14,  54,  48,  71,  84,  54,  71,  30,   9,  72,  36,  60,  61,  31,  27,  36,  34,  75,  84,  55,  40,  62,  84,  43,  76,  67,  42,  79,  37,  52,  27,  12,  79,  78,  39,  36,  14,  22,  45,  57,  30,  52,  53,  59,  68,  81,
  51,  69,  56,  74,  20,  81,  18,  73,  94,  24,  83,  21,  30,  72,  66,  58,  54,  35,  45,  66,  29,  87, 101,  33,  58,  88,  73,  67,  98,  69,  15, 100,  67,  75,  56,  20, 100,  71,  69,   6,  41,  42,  22,  36,   5,  76,  48,  60,  92,  89,
  64,  83,  69,  88,  34,  95,   4,  83, 106,  16,  95,  33,  45,  81,  78,  67,  61,  48,  59,  80,  41,  99, 114,  34,  72, 103,  77,  81, 112,  79,  17, 114,  80,  89,  70,  33, 114,  77,  83,  12,  53,  56,  25,  38,  18,  90,  57,  71, 106, 101,
  40,  55,  44,  60,   5,  66,  33,  64,  83,  37,  71,  14,  16,  64,  55,  50,  49,  23,  30,  52,  21,  75,  87,  38,  44,  73,  71,  52,  83,  60,  24,  85,  55,  60,  41,  13,  86,  66,  54,  19,  31,  27,  27,  39,  13,  61,  42,  51,  77,  79,
  84,  39,  82,  34,  90,  40, 124,  59,  38, 122,  36,  89,  81,  66,  85,  70,  82,  74,  63,  65,  83,  34,  17, 107,  49,  35,  95,  44,  11,  61, 109,   8,  82,  35,  64,  98,   8,  84,  58, 110,  91,  67, 105, 104, 104,  36,  78,  64,  23,  45,
  34,  30,  30,  33,  58,  16,  95,  76,  74,  99,  62,  68,  47,  82,  30,  75,  83,  57,  41,  13,  66,  64,  62,  93,  38,  21, 105,  25,  45,  75,  86,  50,  27,  28,  21,  60,  48,  95,   9,  82,  45,  40,  86,  93,  75,  24,  76,  71,  32,  76,
  75,  33,  76,  32,  62,  52,  89,  15,  19,  84,   9,  54,  58,  22,  84,  26,  37,  41,  40,  66,  47,  13,  31,  65,  29,  53,  50,  39,  41,  16,  72,  39,  82,  37,  56,  73,  41,  39,  60,  76,  77,  45,  66,  62,  71,  40,  35,  20,  46,  15,
  76,  77,  81,  81,  41,  93,  30,  61,  86,  19,  78,  27,  50,  56,  91,  44,  35,  39,  54,  86,  29,  81,  98,   4,  64, 100,  47,  77, 102,  57,  16, 102,  92,  83,  74,  48, 103,  49,  86,  25,  68,  54,  10,   8,  28,  85,  34,  49, 100,  79,
  42,  45,  46,  50,  12,  59,  41,  52,  71,  42,  59,   9,  16,  52,  57,  39,  39,  11,  21,  50,  11,  63,  76,  35,  34,  66,  62,  44,  74,  48,  28,  75,  57,  51,  38,  23,  76,  56,  50,  27,  37,  19,  27,  36,  21,  53,  31,  39,  69,  66,
  94,  51,  94,  49,  79,  68, 102,  17,  13,  95,  20,  69,  76,  22, 103,  34,  43,  57,  58,  84,  61,  19,  34,  74,  48,  69,  47,  57,  51,  22,  84,  47, 100,  54,  75,  90,  50,  37,  78,  89,  96,  63,  78,  70,  85,  57,  45,  30,  59,   6,
  75,  27,  74,  23,  72,  39, 104,  36,  21, 101,  13,  69,  65,  43,  80,  47,  58,  54,  46,  60,  62,  13,  12,  84,  32,  38,  72,  34,  20,  38,  88,  17,  77,  27,  54,  82,  20,  61,  53,  90,  80,  51,  83,  82,  84,  30,  55,  41,  28,  25,
  50,  60,  55,  64,  15,  73,  27,  61,  82,  28,  71,   9,  25,  60,  65,  46,  42,  23,  35,  62,  17,  75,  89,  27,  48,  80,  63,  58,  88,  57,  14,  89,  66,  66,  50,  22,  90,  60,  63,  13,  42,  33,  17,  29,   7,  67,  36,  48,  83,  77,
  61,  53,  64,  57,  29,  70,  42,  42,  65,  37,  56,  13,  34,  40,  75,  26,  22,  16,  32,  66,   8,  60,  76,  21,  40,  76,  44,  53,  78,  38,  25,  79,  75,  59,  54,  40,  80,  40,  65,  30,  55,  33,  19,  20,  27,  62,  16,  29,  76,  60,
  38,  10,  37,  15,  43,  20,  80,  52,  54,  81,  41,  48,  33,  57,  44,  50,  58,  35,  19,  25,  44,  44,  48,  72,  13,  26,  80,   4,  38,  50,  68,  41,  42,  13,  17,  50,  40,  70,  20,  66,  44,  21,  66,  71,  59,  13,  52,  46,  30,  54,
   ];