10 medianas
100  Clientes 

Cliente 1 : (12, 73)
Cliente 2 : (29, 15)
Cliente 3 : (21, 61)
Cliente 4 : (70, 71)
Cliente 5 : (86, 15)
Cliente 6 : (54, 53)
Cliente 7 : (64, 97)
Cliente 8 : (80, 69)
Cliente 9 : (99, 88)
Cliente 10 : (40, 75)
Cliente 11 : (21, 22)
Cliente 12 : (46, 55)
Cliente 13 : (20, 91)
Cliente 14 : (69, 13)
Cliente 15 : (42, 40)
Cliente 16 : (40, 64)
Cliente 17 : (23, 75)
Cliente 18 : (3, 31)
Cliente 19 : (88, 25)
Cliente 20 : (47, 71)
Cliente 21 : (0, 49)
Cliente 22 : (59, 10)
Cliente 23 : (94, 38)
Cliente 24 : (4, 43)
Cliente 25 : (83, 33)
Cliente 26 : (26, 90)
Cliente 27 : (87, 9)
Cliente 28 : (15, 72)
Cliente 29 : (97, 47)
Cliente 30 : (8, 57)
Cliente 31 : (8, 69)
Cliente 32 : (88, 85)
Cliente 33 : (62, 52)
Cliente 34 : (82, 66)
Cliente 35 : (67, 32)
Cliente 36 : (2, 53)
Cliente 37 : (95, 41)
Cliente 38 : (59, 77)
Cliente 39 : (37, 11)
Cliente 40 : (0, 67)
Cliente 41 : (23, 17)
Cliente 42 : (58, 71)
Cliente 43 : (88, 63)
Cliente 44 : (60, 87)
Cliente 45 : (8, 7)
Cliente 46 : (43, 100)
Cliente 47 : (80, 77)
Cliente 48 : (95, 75)
Cliente 49 : (64, 57)
Cliente 50 : (77, 34)
Cliente 51 : (27, 98)
Cliente 52 : (53, 15)
Cliente 53 : (35, 28)
Cliente 54 : (50, 41)
Cliente 55 : (42, 87)
Cliente 56 : (1, 45)
Cliente 57 : (86, 43)
Cliente 58 : (92, 73)
Cliente 59 : (100, 85)
Cliente 60 : (83, 61)
Cliente 61 : (7, 7)
Cliente 62 : (62, 2)
Cliente 63 : (20, 50)
Cliente 64 : (71, 96)
Cliente 65 : (71, 60)
Cliente 66 : (3, 58)
Cliente 67 : (15, 29)
Cliente 68 : (80, 71)
Cliente 69 : (60, 75)
Cliente 70 : (52, 25)
Cliente 71 : (86, 48)
Cliente 72 : (53, 54)
Cliente 73 : (99, 36)
Cliente 74 : (9, 79)
Cliente 75 : (81, 89)
Cliente 76 : (52, 29)
Cliente 77 : (63, 7)
Cliente 78 : (45, 77)
Cliente 79 : (90, 53)
Cliente 80 : (39, 96)
Cliente 81 : (87, 15)
Cliente 82 : (99, 59)
Cliente 83 : (21, 43)
Cliente 84 : (85, 93)
Cliente 85 : (5, 46)
Cliente 86 : (51, 98)
Cliente 87 : (79, 45)
Cliente 88 : (72, 17)
Cliente 89 : (32, 12)
Cliente 90 : (2, 32)
Cliente 91 : (27, 48)
Cliente 92 : (7, 42)
Cliente 93 : (25, 26)
Cliente 94 : (96, 43)
Cliente 95 : (75, 83)
Cliente 96 : (28, 3)
Cliente 97 : (42, 82)
Cliente 98 : (56, 38)
Cliente 99 : (50, 11)
Cliente 100 : (43, 51)

Demanda dos Clientes:
q::[10, 23, 28, 24, 31, 29, 30, 23, 23, 23, 36, 9, 17, 11, 35, 7, 16, 10, 33, 23, 19, 3, 40, 36, 8, 26, 2, 19, 36, 39, 7, 17, 29, 28, 31, 19, 9, 29, 37, 3, 14, 29, 16, 33, 24, 24, 24, 18, 29, 4, 26, 28, 5, 17, 2, 10, 27, 38, 19, 15, 17, 1, 10, 40, 20, 10, 8, 4, 10, 27, 34, 34, 6, 6, 36, 3, 17, 8, 28, 9, 37, 22, 7, 4, 10, 36, 27, 5, 36, 32, 38, 13, 26, 17, 30, 35, 26, 38, 35, 30];

50 Locais 
Local 1 : (42, 16)
Local 2 : (44, 76)
Local 3 : (32, 66)
Local 4 : (30, 5)
Local 5 : (5, 52)
Local 6 : (6, 93)
Local 7 : (45, 70)
Local 8 : (72, 48)
Local 9 : (87, 63)
Local 10 : (61, 92)
Local 11 : (73, 49)
Local 12 : (53, 20)
Local 13 : (98, 58)
Local 14 : (59, 29)
Local 15 : (99, 61)
Local 16 : (83, 8)
Local 17 : (84, 74)
Local 18 : (1, 57)
Local 19 : (6, 15)
Local 20 : (55, 2)
Local 21 : (73, 13)
Local 22 : (47, 76)
Local 23 : (15, 42)
Local 24 : (44, 12)
Local 25 : (15, 17)
Local 26 : (16, 17)
Local 27 : (2, 10)
Local 28 : (99, 8)
Local 29 : (28, 44)
Local 30 : (13, 39)
Local 31 : (76, 93)
Local 32 : (59, 96)
Local 33 : (11, 55)
Local 34 : (56, 16)
Local 35 : (56, 22)
Local 36 : (85, 21)
Local 37 : (32, 40)
Local 38 : (47, 93)
Local 39 : (61, 51)
Local 40 : (74, 86)
Local 41 : (5, 12)
Local 42 : (32, 7)
Local 43 : (43, 30)
Local 44 : (53, 23)
Local 45 : (1, 10)
Local 46 : (33, 26)
Local 47 : (35, 40)
Local 48 : (40, 97)
Local 49 : (69, 23)
Local 50 : (32, 13)
Capacidade de cada local: 422

D :: [
  64,  32,  21,  70,  22,  21,  33,  65,  76,  53,  66,  67,  87,  64,  88,  96,  72,  19,  58,  83,  86,  35,  31,  69,  56,  56,  64, 109,  33,  34,  67,  52,  18,  72,  67,  90,  39,  40,  54,  63,  61,  69,  53,  65,  64,  51,  40,  37,  76,  63,
  13,  63,  51,  10,  44,  81,  57,  54,  75,  83,  56,  25,  81,  33,  84,  54,  81,  50,  23,  29,  44,  64,  30,  15,  14,  13,  27,  70,  29,  29,  91,  86,  44,  27,  28,  56,  25,  80,  48,  84,  24,   9,  21,  25,  28,  12,  26,  83,  41,   4,
  50,  27,  12,  57,  18,  35,  26,  53,  66,  51,  53,  52,  77,  50,  78,  82,  64,  20,  48,  68,  71,  30,  20,  54,  44,  44,  54,  94,  18,  23,  64,  52,  12,  57,  52,  75,  24,  41,  41,  59,  52,  55,  38,  50,  55,  37,  25,  41,  61,  49,
  62,  26,  38,  77,  68,  68,  25,  23,  19,  23,  22,  54,  31,  43,  31,  64,  14,  70,  85,  71,  58,  24,  62,  64,  77,  76,  91,  69,  50,  65,  23,  27,  61,  57,  51,  52,  49,  32,  22,  16,  88,  74,  49,  51,  92,  58,  47,  40,  48,  69,
  44,  74,  74,  57,  89, 112,  69,  36,  48,  81,  36,  33,  45,  30,  48,   8,  59,  95,  80,  34,  13,  72,  76,  42,  71,  70,  84,  15,  65,  77,  79,  85,  85,  30,  31,   6,  60,  87,  44,  72,  81,  55,  46,  34,  85,  54,  57,  94,  19,  54,
  39,  25,  26,  54,  49,  62,  19,  19,  34,  40,  19,  33,  44,  25,  46,  54,  37,  53,  61,  51,  44,  24,  41,  42,  53,  52,  67,  64,  28,  43,  46,  43,  43,  37,  31,  45,  26,  41,   7,  39,  64,  51,  25,  30,  68,  34,  23,  46,  34,  46,
  84,  29,  45,  98,  74,  58,  33,  50,  41,   6,  49,  78,  52,  68,  50,  91,  30,  75, 100,  95,  84,  27,  74,  87,  94,  93, 107,  96,  64,  77,  13,   5,  68,  81,  75,  79,  65,  17,  46,  15, 103,  96,  70,  75, 107,  77,  64,  24,  74,  90,
  65,  37,  48,  81,  77,  78,  35,  22,   9,  30,  21,  56,  21,  45,  21,  61,   6,  80,  92,  72,  56,  34,  70,  67,  83,  82,  98,  64,  58,  73,  24,  34,  70,  58,  53,  48,  56,  41,  26,  18,  94,  78,  54,  53,  99,  64,  54,  49,  47,  74,
  92,  56,  71, 108, 101,  93,  57,  48,  28,  38,  47,  82,  30,  71,  27,  82,  21, 103, 118,  97,  79,  53,  96,  94, 110, 109, 124,  80,  84,  99,  24,  41,  94,  84,  79,  68,  82,  52,  53,  25, 121, 105,  81,  80, 125,  91,  80,  60,  72, 101,
  59,   4,  12,  71,  42,  38,   7,  42,  49,  27,  42,  57,  60,  50,  61,  80,  44,  43,  69,  75,  70,   7,  41,  63,  63,  63,  75,  89,  33,  45,  40,  28,  35,  61,  55,  70,  36,  19,  32,  36,  72,  68,  45,  54,  76,  49,  35,  22,  60,  63,
  22,  59,  45,  19,  34,  73,  54,  57,  78,  81,  59,  32,  85,  39,  87,  64,  82,  40,  17,  39,  53,  60,  21,  25,   8,   7,  22,  79,  23,  19,  90,  83,  34,  36,  35,  64,  21,  76,  49,  83,  19,  19,  23,  32,  23,  13,  23,  77,  48,  14,
  39,  21,  18,  52,  41,  55,  15,  27,  42,  40,  28,  36,  52,  29,  53,  60,  42,  45,  57,  54,  50,  21,  34,  43,  49,  48,  63,  71,  21,  37,  48,  43,  35,  40,  34,  52,  21,  38,  16,  42,  59,  50,  25,  33,  64,  32,  19,  42,  39,  44,
  78,  28,  28,  87,  42,  14,  33,  67,  73,  41,  68,  78,  85,  73,  85, 104,  66,  39,  77,  96,  94,  31,  49,  83,  74,  74,  83, 115,  48,  52,  56,  39,  37,  83,  78,  96,  52,  27,  57,  54,  80,  85,  65,  76,  83,  66,  53,  21,  84,  79,
  27,  68,  65,  40,  75, 102,  62,  35,  53,  79,  36,  17,  54,  19,  57,  15,  63,  81,  63,  18,   4,  67,  61,  25,  54,  53,  67,  30,  51,  62,  80,  84,  72,  13,  16,  18,  46,  83,  39,  73,  64,  37,  31,  19,  68,  38,  43,  89,  10,  37,
  24,  36,  28,  37,  39,  64,  30,  31,  51,  55,  32,  23,  59,  20,  61,  52,  54,  44,  44,  40,  41,  36,  27,  28,  35,  35,  50,  65,  15,  29,  63,  59,  34,  28,  23,  47,  10,  53,  22,  56,  46,  34,  10,  20,  51,  17,   7,  57,  32,  29,
  48,  13,   8,  60,  37,  45,   8,  36,  47,  35,  36,  46,  58,  40,  59,  71,  45,  40,  60,  64,  61,  14,  33,  52,  53,  53,  66,  81,  23,  37,  46,  37,  30,  51,  45,  62,  25,  30,  25,  40,  63,  58,  34,  43,  67,  39,  25,  33,  50,  52,
  62,  21,  13,  70,  29,  25,  23,  56,  65,  42,  56,  63,  77,  58,  77,  90,  61,  28,  62,  80,  80,  24,  34,  66,  59,  58,  68, 101,  31,  37,  56,  42,  23,  68,  62,  82,  36,  30,  45,  52,  66,  69,  49,  60,  69,  50,  37,  28,  69,  63,
  42,  61,  45,  37,  21,  62,  57,  71,  90,  84,  72,  51,  99,  56, 101,  83,  92,  26,  16,  60,  72,  63,  16,  45,  18,  19,  21,  99,  28,  13,  96,  86,  25,  55,  54,  83,  30,  76,  61,  90,  19,  38,  40,  51,  21,  30,  33,  76,  66,  34,
  47,  67,  69,  61,  87, 107,  62,  28,  38,  72,  28,  35,  34,  29,  38,  18,  49,  93,  83,  40,  19,  65,  75,  46,  73,  72,  87,  20,  63,  76,  69,  77,  83,  33,  32,   5,  58,  79,  37,  63,  84,  59,  45,  35,  88,  55,  55,  87,  19,  57,
  55,   6,  16,  68,  46,  47,   2,  34,  41,  25,  34,  51,  53,  44,  53,  73,  37,  48,  69,  69,  64,   5,  43,  59,  63,  62,  76,  82,  33,  47,  36,  28,  39,  56,  50,  63,  34,  22,  24,  31,  72,  66,  41,  48,  76,  47,  33,  27,  53,  60,
  53,  52,  36,  53,   6,  44,  50,  72,  88,  75,  73,  60,  98,  62, 100,  93,  88,   8,  35,  72,  81,  54,  17,  57,  35,  36,  39, 107,  28,  16,  88,  75,  13,  65,  62,  89,  33,  64,  61,  83,  37,  53,  47,  59,  39,  40,  36,  62,  74,  48,
  18,  68,  62,  29,  68,  98,  62,  40,  60,  82,  41,  12,  62,  19,  65,  24,  69,  75,  53,   9,  14,  67,  54,  15,  45,  44,  57,  40,  46,  54,  85,  86,  66,   7,  12,  28,  40,  84,  41,  77,  54,  27,  26,  14,  58,  31,  38,  89,  16,  27,
  56,  63,  68,  72,  90, 104,  59,  24,  26,  63,  24,  45,  20,  36,  24,  32,  37,  95,  91,  53,  33,  60,  79,  56,  82,  81,  96,  30,  66,  81,  58,  68,  85,  44,  41,  19,  62,  72,  35,  52,  93,  69,  52,  44,  97,  62,  59,  80,  29,  67,
  47,  52,  36,  46,   9,  50,  49,  68,  85,  75,  69,  54,  95,  57,  97,  86,  86,  14,  28,  65,  75,  54,  11,  51,  28,  29,  33, 101,  24,  10,  88,  76,  14,  59,  56,  84,  28,  66,  58,  82,  31,  46,  41,  53,  33,  34,  31,  65,  68,  41,
  44,  58,  61,  60,  80,  98,  53,  19,  30,  63,  19,  33,  29,  24,  32,  25,  41,  85,  79,  42,  22,  56,  69,  44,  70,  69,  84,  30,  56,  70,  60,  67,  75,  32,  29,  12,  51,  70,  28,  54,  81,  57,  40,  32,  85,  50,  49,  77,  17,  55,
  76,  23,  25,  85,  43,  20,  28,  62,  67,  35,  62,  75,  79,  69,  79, 100,  60,  41,  78,  93,  90,  25,  49,  80,  74,  74,  84, 110,  46,  53,  50,  34,  38,  80,  74,  91,  50,  21,  52,  48,  81,  83,  62,  72,  84,  64,  51,  16,  80,  77,
  46,  80,  79,  57,  93, 117,  74,  42,  54,  87,  42,  36,  50,  34,  53,   4,  65,  98,  81,  33,  15,  78,  79,  43,  72,  71,  85,  12,  69,  80,  85,  91,  89,  32,  34,  12,  63,  93,  49,  78,  82,  55,  49,  37,  86,  57,  61, 100,  23,  55,
  62,  29,  18,  69,  22,  23,  30,  62,  73,  50,  62,  64,  84,  62,  85,  93,  69,  21,  58,  81,  83,  32,  30,  67,  55,  55,  63, 106,  31,  33,  65,  50,  17,  69,  65,  87,  36,  38,  51,  61,  61,  67,  50,  62,  64,  49,  38,  35,  73,  61,
  63,  60,  68,  79,  92, 102,  57,  25,  19,  58,  24,  52,  11,  42,  14,  41,  30,  97,  96,  62,  42,  58,  82,  64,  87,  86, 102,  39,  69,  84,  51,  62,  86,  51,  48,  29,  65,  68,  36,  45,  98,  76,  57,  50, 103,  67,  62,  76,  37,  73,
  53,  41,  26,  56,   6,  36,  39,  65,  79,  64,  65,  58,  90,  58,  91,  90,  78,   7,  42,  72,  78,  43,  17,  58,  41,  41,  47, 103,  24,  19,  77,  64,   4,  63,  59,  85,  29,  53,  53,  72,  45,  55,  44,  56,  48,  40,  32,  51,  70,  50,
  63,  37,  24,  68,  17,  24,  37,  67,  79,  58,  68,  67,  91,  65,  91,  97,  76,  14,  54,  82,  86,  40,  28,  67,  52,  53,  59, 110,  32,  30,  72,  58,  14,  72,  67,  91,  38,  46,  56,  68,  57,  66,  52,  64,  59,  50,  40,  43,  76,  61,
  83,  45,  59,  99,  89,  82,  46,  40,  22,  28,  39,  74,  29,  63,  26,  77,  12,  91, 108,  89,  74,  42,  85,  85, 100,  99, 114,  78,  73,  88,  14,  31,  83,  76,  71,  64,  72,  42,  43,  14, 111,  96,  71,  71, 115,  81,  70,  49,  65,  91,
  41,  30,  33,  57,  57,  69,  25,  11,  27,  40,  11,  33,  36,  23,  38,  49,  31,  61,  67,  50,  41,  28,  48,  44,  59,  58,  73,  57,  35,  51,  43,  44,  51,  36,  31,  39,  32,  44,   1,  36,  70,  54,  29,  30,  74,  39,  30,  50,  30,  49,
  64,  39,  50,  80,  78,  81,  37,  21,   6,  33,  19,  54,  18,  44,  18,  58,   8,  81,  92,  69,  54,  36,  71,  66,  83,  82,  98,  60,  58,  74,  28,  38,  72,  56,  51,  45,  56,  44,  26,  22,  94,  77,  53,  52,  98,  63,  54,  52,  45,  73,
  30,  50,  49,  46,  65,  86,  44,  17,  37,  60,  18,  18,  40,   9,  43,  29,  45,  71,  63,  32,  20,  48,  53,  30,  54,  53,  69,  40,  41,  54,  62,  64,  61,  19,  15,  21,  36,  64,  20,  54,  65,  43,  24,  17,  70,  35,  33,  70,   9,  40,
  54,  48,  33,  56,   3,  40,  46,  70,  86,  71,  71,  61,  96,  62,  97,  93,  85,   4,  38,  74,  81,  51,  17,  59,  38,  39,  43, 107,  28,  18,  84,  71,   9,  65,  62,  89,  33,  60,  59,  79,  41,  55,  47,  59,  43,  41,  35,  58,  73,  50,
  59,  62,  68,  74,  91, 103,  58,  24,  23,  61,  23,  47,  17,  38,  20,  35,  35,  95,  93,  56,  36,  59,  80,  59,  84,  83,  98,  33,  67,  82,  55,  66,  85,  46,  43,  22,  63,  71,  35,  50,  95,  72,  53,  46,  99,  64,  60,  78,  32,  69,
  63,  15,  29,  78,  60,  55,  16,  32,  31,  15,  31,  57,  43,  48,  43,  73,  25,  61,  82,  75,  66,  12,  56,  67,  74,  74,  88,  80,  45,  60,  23,  19,  53,  61,  55,  62,  46,  20,  26,  17,  85,  75,  50,  54,  89,  57,  44,  28,  55,  69,
   7,  65,  55,   9,  52,  88,  60,  51,  72,  84,  52,  18,  77,  28,  80,  46,  79,  58,  31,  20,  36,  66,  38,   7,  23,  22,  35,  62,  34,  37,  91,  88,  51,  20,  22,  49,  29,  83,  47,  84,  32,   6,  20,  20,  36,  16,  29,  86,  34,   5,
  66,  45,  32,  69,  16,  27,  45,  74,  87,  66,  75,  71,  98,  70,  99, 102,  84,  10,  52,  85,  91,  48,  29,  70,  52,  52,  57, 115,  36,  31,  80,  66,  16,  76,  72,  97,  42,  54,  63,  76,  55,  68,  57,  69,  57,  53,  44,  50,  82,  63,
  19,  63,  50,  14,  39,  78,  57,  58,  79,  84,  59,  30,  85,  38,  88,  61,  83,  46,  17,  35,  50,  64,  26,  22,   8,   7,  22,  77,  27,  24,  93,  87,  40,  33,  33,  62,  25,  80,  51,  86,  19,  13,  24,  31,  23,  13,  26,  82,  46,  10,
  57,  15,  26,  72,  56,  56,  13,  27,  30,  21,  27,  51,  42,  42,  42,  68,  26,  59,  76,  69,  60,  12,  52,  61,  69,  68,  83,  75,  40,  55,  28,  25,  50,  55,  49,  57,  40,  25,  20,  22,  79,  69,  44,  48,  83,  51,  39,  32,  49,  64,
  66,  46,  56,  82,  84,  87,  44,  22,   1,  40,  21,  55,  11,  45,  11,  55,  12,  87,  95,  69,  52,  43,  76,  67,  86,  85, 101,  56,  63,  79,  32,  44,  77,  57,  52,  42,  61,  51,  30,  27,  97,  79,  56,  53, 102,  66,  58,  59,  44,  75,
  73,  19,  35,  87,  65,  54,  23,  41,  36,   5,  40,  67,  48,  58,  47,  82,  27,  66,  90,  85,  75,  17,  64,  77,  83,  83,  96,  88,  54,  67,  17,   9,  59,  71,  65,  71,  55,  14,  36,  14,  93,  85,  59,  64,  97,  67,  53,  22,  65,  79,
  35,  78,  64,  22,  45,  86,  73,  76,  97, 100,  77,  47, 103,  56, 106,  75, 101,  50,   8,  47,  65,  79,  36,  36,  12,  13,   7,  91,  42,  32, 110, 103,  48,  49,  50,  78,  41,  94,  69, 103,   6,  24,  42,  48,   8,  31,  43,  96,  63,  25,
  84,  24,  36,  96,  61,  38,  30,  60,  57,  20,  59,  81,  69,  73,  68, 100,  49,  60,  93,  99,  92,  24,  64,  88,  88,  87,  99, 108,  58,  68,  34,  16,  55,  85,  79,  89,  61,   8,  52,  34,  96,  94,  70,  78,  99,  75,  61,   4,  81,  88,
  72,  36,  49,  88,  79,  76,  36,  30,  16,  24,  29,  63,  26,  52,  25,  69,   5,  81,  97,  79,  64,  33,  74,  74,  88,  88, 103,  72,  62,  77,  16,  28,  72,  66,  60,  56,  61,  37,  32,  11,  99,  85,  60,  60, 104,  69,  58,  45,  55,  80,
  79,  51,  64,  96,  93,  91,  50,  35,  14,  38,  34,  69,  17,  58,  15,  68,  11,  96, 107,  83,  66,  48,  87,  81,  99,  98, 113,  67,  74,  90,  26,  42,  86,  71,  66,  55,  72,  51,  42,  24, 110,  93,  69,  67, 114,  79,  69,  59,  58,  88,
  47,  28,  33,  62,  59,  68,  23,  12,  24,  35,  12,  39,  34,  28,  35,  53,  26,  63,  72,  56,  45,  25,  51,  49,  63,  62,  78,  60,  38,  54,  38,  39,  53,  42,  36,  42,  36,  40,   7,  31,  74,  59,  34,  36,  79,  44,  34,  47,  34,  54,
  39,  53,  55,  55,  74,  92,  48,  15,  31,  60,  16,  28,  32,  19,  35,  27,  41,  79,  73,  39,  21,  52,  63,  40,  64,  63,  79,  34,  50,  64,  59,  65,  69,  28,  24,  15,  45,  66,  23,  52,  75,  52,  34,  26,  80,  45,  42,  73,  14,  50,
  83,  28,  32,  93,  51,  22,  33,  67,  69,  35,  67,  82,  81,  76,  81, 106,  62,  49,  86, 100,  97,  30,  57,  88,  82,  82,  91, 115,  54,  61,  49,  32,  46,  87,  81,  96,  58,  21,  58,  49,  89,  91,  70,  79,  92,  72,  59,  13,  86,  85,
  11,  62,  55,  25,  61,  91,  56,  38,  59,  77,  39,   5,  62,  15,  65,  31,  67,  67,  47,  13,  20,  61,  47,   9,  38,  37,  51,  47,  38,  47,  81,  81,  58,   3,   8,  33,  33,  78,  37,  74,  48,  22,  18,   8,  52,  23,  31,  83,  18,  21,
  14,  49,  38,  24,  38,  71,  43,  42,  63,  69,  43,  20,  70,  24,  72,  52,  67,  45,  32,  33,  41,  49,  24,  18,  23,  22,  38,  67,  17,  25,  77,  72,  36,  24,  22,  50,  12,  66,  35,  70,  34,  21,   8,  19,  38,   3,  12,  69,  34,  15,
  26,  36,  31,  41,  46,  68,  29,  23,  43,  52,  24,  21,  51,  15,  53,  47,  47,  52,  51,  39,  36,  35,  35,  30,  42,  42,  57,  59,  22,  37,  58,  56,  41,  26,  20,  40,  18,  52,  15,  51,  54,  38,  13,  18,  58,  23,  15,  57,  26,  33,
  71,  11,  23,  83,  51,  36,  17,  49,  51,  20,  49,  68,  63,  60,  63,  89,  44,  51,  80,  86,  80,  12,  52,  75,  75,  75,  87,  97,  45,  56,  35,  19,  45,  72,  66,  79,  48,   8,  41,  32,  84,  81,  57,  65,  87,  62,  48,  10,  69,  75,
  50,  53,  37,  49,   8,  48,  51,  71,  88,  76,  72,  58,  98,  60,  99,  90,  88,  12,  30,  69,  79,  55,  14,  54,  31,  32,  35, 105,  27,  13,  89,  77,  14,  62,  60,  87,  31,  66,  60,  84,  33,  49,  45,  56,  35,  37,  34,  65,  71,  45,
  52,  53,  59,  68,  81,  94,  49,  15,  20,  55,  14,  40,  19,  30,  22,  35,  31,  86,  85,  51,  33,  51,  71,  52,  76,  75,  90,  37,  58,  73,  51,  59,  76,  40,  37,  22,  54,  63,  26,  45,  87,  65,  45,  39,  91,  56,  51,  71,  26,  62,
  76,  48,  60,  92,  89,  88,  47,  32,  11,  36,  31,  66,  16,  55,  14,  66,   8,  92, 104,  80,  63,  45,  83,  78,  95,  94, 110,  65,  70,  86,  26,  40,  83,  67,  62,  52,  68,  49,  38,  22, 106,  89,  65,  63, 111,  75,  66,  57,  55,  85,
  90,  57,  71, 106, 101,  94,  57,  46,  26,  40,  45,  80,  27,  69,  24,  79,  19, 103, 117,  94,  77,  54,  95,  92, 109, 108, 123,  77,  83,  98,  25,  42,  94,  82,  77,  66,  82,  54,  52,  26, 120, 103,  79,  78, 124,  89,  79,  61,  69,  99,
  61,  42,  51,  77,  79,  83,  39,  17,   4,  38,  16,  51,  15,  40,  16,  53,  13,  82,  90,  65,  49,  39,  71,  63,  81,  80,  96,  55,  58,  73,  33,  42,  72,  52,  47,  40,  55,  48,  24,  27,  92,  74,  51,  48,  97,  61,  52,  56,  40,  70,
  36,  78,  64,  23,  45,  86,  74,  77,  98, 101,  78,  48, 104,  56, 107,  76, 102,  50,   8,  48,  66,  80,  36,  37,  13,  13,   6,  92,  43,  33, 110, 103,  48,  50,  51,  79,  41,  95,  70, 104,   5,  25,  43,  49,   7,  32,  43,  96,  64,  26,
  24,  76,  71,  32,  76, 107,  70,  47,  66,  90,  48,  20,  67,  27,  70,  22,  75,  82,  57,   7,  16,  76,  62,  21,  49,  48,  61,  37,  54,  61,  92,  94,  74,  15,  21,  30,  48,  92,  49,  85,  58,  30,  34,  23,  62,  38,  47,  98,  22,  32,
  40,  35,  20,  46,  15,  45,  32,  52,  68,  59,  53,  45,  78,  44,  80,  76,  68,  20,  38,  59,  65,  37,   9,  45,  33,  33,  44,  89,  10,  13,  71,  60,  10,  50,  46,  71,  16,  51,  41,  65,  41,  45,  30,  43,  44,  27,  18,  51,  56,  39,
  85,  34,  49, 100,  79,  65,  37,  48,  37,  11,  47,  78,  47,  68,  45,  89,  26,  80, 104,  95,  83,  31,  78,  88,  97,  96, 110,  92,  67,  81,   6,  12,  73,  81,  76,  76,  68,  24,  46,  10, 107,  97,  72,  75, 111,  80,  67,  31,  73,  92,
  53,  31,  39,  69,  66,  73,  28,  12,  16,  34,  11,  44,  27,  33,  28,  53,  19,  70,  79,  60,  47,  29,  59,  55,  71,  70,  85,  59,  46,  62,  33,  38,  60,  46,  41,  41,  44,  41,  13,  26,  82,  66,  41,  41,  86,  51,  41,  48,  37,  61,
  57,  45,  30,  59,   6,  35,  44,  70,  84,  67,  71,  63,  95,  63,  96,  94,  83,   2,  43,  76,  83,  48,  20,  62,  43,  43,  48, 108,  29,  21,  81,  68,   9,  68,  64,  90,  34,  56,  58,  76,  46,  59,  49,  61,  48,  44,  37,  54,  75,  54,
  30,  55,  41,  28,  25,  65,  51,  60,  80,  78,  61,  39,  88,  44,  90,  71,  82,  31,  17,  48,  60,  57,  13,  34,  12,  12,  23,  87,  20,  10,  88,  80,  26,  43,  42,  70,  20,  72,  51,  82,  20,  28,  28,  38,  24,  18,  23,  72,  54,  23,
  67,  36,  48,  83,  77,  77,  35,  24,  11,  28,  23,  58,  22,  47,  21,  63,   5,  80,  93,  73,  58,  33,  71,  69,  85,  84,  99,  66,  59,  74,  22,  33,  71,  60,  55,  50,  57,  40,  28,  16,  95,  80,  55,  55, 100,  65,  55,  48,  49,  75,
  62,  16,  29,  76,  60,  57,  16,  30,  30,  17,  29,  55,  42,  46,  41,  71,  24,  62,  81,  73,  63,  13,  56,  65,  73,  73,  87,  78,  45,  59,  24,  21,  53,  59,  53,  60,  45,  22,  24,  18,  84,  74,  48,  52,  88,  56,  43,  30,  53,  68,
  13,  52,  46,  30,  54,  82,  46,  30,  52,  68,  32,   5,  57,   8,  59,  35,  59,  60,  47,  23,  24,  51,  41,  15,  38,  37,  52,  50,  31,  41,  72,  71,  51,  10,   5,  33,  25,  68,  28,  65,  49,  27,  10,   2,  53,  19,  23,  73,  17,  23,
  54,  50,  57,  71,  81,  92,  47,  14,  15,  51,  13,  43,  16,  33,  18,  40,  26,  85,  87,  55,  37,  48,  71,  55,  77,  77,  92,  42,  58,  74,  46,  55,  75,  44,  40,  27,  55,  60,  25,  40,  89,  68,  47,  41,  93,  57,  52,  67,  30,  64,
  40,  24,  24,  54,  48,  61,  18,  20,  35,  39,  21,  34,  45,  26,  47,  55,  37,  52,  61,  52,  46,  23,  40,  43,  53,  52,  67,  65,  27,  43,  45,  42,  42,  38,  32,  46,  25,  39,   9,  38,  64,  51,  26,  31,  68,  34,  23,  45,  35,  46,
  60,  68,  73,  76,  95, 109,  64,  30,  30,  68,  29,  49,  22,  41,  25,  32,  41, 100,  95,  56,  35,  66,  84,  60,  86,  85, 100,  28,  71,  86,  61,  72,  90,  47,  45,  21,  67,  77,  41,  56,  97,  73,  56,  48, 101,  67,  64,  85,  33,  71,
  71,  35,  26,  77,  27,  14,  37,  70,  80,  54,  71,  74,  91,  71,  92, 103,  75,  23,  64,  90,  92,  38,  37,  76,  62,  62,  69, 115,  40,  40,  68,  53,  24,  79,  74,  96,  45,  40,  59,  65,  67,  76,  60,  71,  69,  58,  47,  36,  82,  70,
  83,  39,  54,  98,  85,  75,  41,  42,  27,  20,  41,  74,  35,  64,  33,  81,  15,  86, 105,  91,  76,  36,  81,  85,  98,  97, 112,  83,  70,  84,   6,  23,  78,  77,  72,  68,  69,  34,  43,   8, 108,  96,  70,  72, 112,  79,  67,  42,  67,  90,
  16,  48,  42,  33,  52,  79,  42,  28,  49,  64,  29,   9,  54,   7,  57,  37,  55,  58,  48,  27,  26,  47,  39,  19,  39,  38,  53,  51,  28,  40,  68,  67,  49,  14,   8,  34,  23,  64,  24,  61,  50,  30,   9,   6,  54,  19,  20,  69,  18,  26,
  23,  72,  67,  33,  73, 103,  66,  42,  61,  85,  43,  16,  62,  22,  65,  20,  70,  80,  58,   9,  12,  71,  59,  20,  49,  48,  61,  36,  51,  59,  87,  89,  71,  11,  17,  26,  45,  87,  44,  80,  58,  31,  30,  19,  62,  36,  43,  93,  17,  32,
  61,   1,  17,  74,  47,  42,   7,  40,  44,  22,  40,  58,  56,  50,  56,  79,  39,  48,  73,  76,  70,   2,  46,  65,  67,  67,  80,  88,  37,  50,  35,  24,  40,  62,  56,  69,  39,  16,  31,  30,  76,  71,  47,  55,  80,  52,  38,  21,  59,  65,
  61,  51,  59,  77,  85,  93,  48,  19,  10,  49,  17,  50,   9,  39,  12,  46,  22,  89,  92,  62,  43,  49,  76,  62,  83,  82,  98,  46,  63,  78,  42,  53,  79,  50,  46,  32,  59,  59,  29,  37,  94,  74,  52,  48,  99,  63,  57,  67,  37,  70,
  80,  21,  31,  91,  56,  33,  27,  58,  58,  22,  58,  77,  70,  70,  69,  98,  50,  54,  87,  95,  90,  22,  59,  84,  83,  82,  94, 107,  53,  63,  37,  20,  50,  82,  76,  88,  56,   9,  50,  36,  91,  89,  66,  74,  94,  70,  56,   1,  79,  83,
  45,  75,  75,  58,  90, 112,  69,  36,  48,  81,  37,  34,  44,  31,  48,   8,  59,  96,  81,  35,  14,  73,  77,  43,  72,  71,  85,  14,  66,  78,  79,  86,  86,  31,  32,   6,  60,  88,  44,  72,  82,  56,  46,  35,  86,  55,  58,  95,  20,  55,
  71,  58,  67,  88,  94,  99,  55,  29,  13,  50,  28,  60,   1,  50,   2,  53,  21,  98, 103,  72,  53,  55,  86,  72,  94,  93, 109,  51,  73,  88,  41,  54,  88,  61,  57,  40,  70,  62,  39,  37, 105,  85,  63,  58, 110,  74,  67,  70,  47,  81,
  34,  40,  25,  39,  18,  52,  36,  51,  69,  63,  52,  39,  78,  40,  80,  71,  70,  24,  32,  53,  60,  42,   6,  39,  27,  26,  38,  85,   7,   9,  74,  65,  16,  44,  41,  68,  11,  56,  41,  68,  35,  38,  26,  38,  39,  21,  14,  57,  52,  32,
  88,  44,  59, 104,  90,  79,  46,  47,  30,  24,  46,  80,  37,  69,  35,  85,  19,  91, 111,  96,  81,  42,  87,  91, 103, 103, 117,  86,  75,  90,   9,  26,  83,  82,  77,  72,  75,  38,  48,  13, 114, 101,  76,  77, 118,  85,  73,  45,  72,  96,
  48,  49,  34,  48,   6,  47,  47,  67,  84,  72,  68,  55,  94,  57,  95,  87,  84,  12,  31,  67,  76,  52,  11,  52,  31,  31,  36, 101,  23,  11,  85,  74,  11,  59,  56,  84,  28,  63,  56,  80,  34,  47,  41,  53,  36,  34,  31,  62,  68,  43,
  82,  23,  37,  95,  65,  45,  29,  54,  50,  12,  54,  78,  62,  69,  61,  96,  41,  65,  94,  96,  88,  22,  67,  86,  89,  88, 101, 102,  59,  70,  25,   8,  59,  82,  76,  84,  61,   6,  48,  26,  98,  93,  68,  75, 101,  74,  60,  11,  77,  87,
  47,  47,  51,  63,  74,  87,  42,   8,  20,  50,   7,  36,  23,  26,  26,  37,  29,  79,  79,  49,  33,  45,  64,  48,  70,  69,  85,  42,  51,  66,  48,  55,  69,  37,  33,  25,  47,  58,  19,  41,  81,  60,  39,  34,  85,  50,  44,  65,  24,  57,
  30,  65,  63,  44,  76, 101,  59,  31,  48,  76,  32,  19,  49,  18,  52,  14,  58,  81,  66,  23,   4,  64,  62,  28,  57,  56,  70,  28,  52,  63,  76,  80,  72,  16,  17,  14,  46,  80,  36,  69,  67,  41,  32,  20,  71,  40,  44,  86,   7,  40,
  11,  65,  54,   7,  48,  85,  59,  54,  75,  85,  55,  22,  80,  32,  83,  51,  81,  55,  26,  25,  41,  66,  34,  12,  18,  17,  30,  67,  32,  33,  92,  88,  48,  24,  26,  54,  28,  82,  49,  85,  27,   5,  21,  24,  31,  14,  28,  85,  39,   1,
  43,  61,  45,  39,  20,  61,  57,  72,  90,  84,  73,  52,  99,  57, 101,  84,  92,  25,  17,  61,  73,  63,  16,  47,  20,  21,  22, 100,  29,  13,  96,  86,  25,  56,  55,  84,  31,  76,  62,  90,  20,  39,  41,  52,  22,  32,  34,  75,  68,  36,
  35,  33,  19,  43,  22,  50,  28,  45,  62,  56,  46,  38,  72,  37,  73,  69,  63,  28,  39,  54,  58,  34,  13,  40,  33,  33,  45,  82,   4,  17,  67,  58,  17,  43,  39,  64,   9,  49,  34,  60,  42,  41,  24,  36,  46,  23,  11,  51,  49,  35,
  44,  50,  35,  44,  10,  51,  47,  65,  83,  74,  66,  51,  92,  54,  94,  83,  83,  16,  27,  62,  72,  52,   8,  48,  26,  27,  32,  98,  21,   7,  86,  75,  14,  55,  53,  81,  25,  65,  55,  80,  30,  43,  38,  50,  33,  31,  28,  64,  65,  38,
  20,  53,  41,  22,  33,  70,  48,  52,  72,  75,  53,  29,  80,  34,  82,  61,  76,  39,  22,  38,  50,  55,  19,  24,  13,  13,  28,  76,  18,  18,  84,  78,  32,  33,  31,  60,  16,  71,  44,  77,  24,  20,  18,  28,  29,   8,  17,  73,  44,  15,
  60,  62,  68,  76,  91, 103,  58,  25,  22,  60,  24,  49,  15,  40,  18,  37,  33,  96,  94,  58,  38,  59,  81,  61,  85,  84, 100,  35,  68,  83,  54,  65,  86,  48,  45,  25,  64,  70,  36,  48,  96,  73,  55,  47, 101,  65,  61,  78,  34,  71,
  75,  32,  46,  90,  77,  70,  33,  35,  23,  17,  34,  67,  34,  56,  33,  75,  13,  78,  97,  83,  70,  29,  73,  77,  89,  89, 103,  79,  61,  76,  10,  21,  70,  70,  64,  63,  61,  30,  35,   3, 100,  87,  62,  64, 104,  71,  59,  38,  60,  82,
  19,  75,  63,   3,  54,  93,  69,  63,  84,  95,  64,  30,  89,  40,  92,  55,  90,  60,  25,  27,  46,  75,  41,  18,  19,  18,  27,  71,  41,  39, 102,  98,  55,  31,  34,  60,  37,  92,  58,  95,  25,   6,  31,  32,  28,  24,  38,  95,  46,  11,
  66,   6,  19,  78,  48,  38,  12,  45,  49,  21,  45,  63,  61,  56,  61,  85,  43,  48,  76,  81,  76,   8,  48,  70,  70,  70,  82,  93,  40,  52,  36,  22,  41,  67,  62,  75,  43,  12,  36,  32,  79,  76,  52,  60,  83,  57,  43,  15,  65,  70,
  26,  40,  37,  42,  53,  74,  34,  19,  40,  54,  20,  18,  47,   9,  49,  40,  46,  58,  55,  36,  30,  39,  41,  29,  46,  45,  61,  52,  29,  43,  59,  58,  48,  22,  16,  34,  24,  56,  14,  51,  57,  39,  15,  15,  62,  26,  21,  61,  20,  35,
   9,  65,  58,  21,  61,  93,  59,  43,  64,  82,  44,   9,  67,  20,  70,  33,  72,  67,  44,  10,  23,  65,  47,   6,  36,  35,  48,  49,  40,  46,  86,  85,  59,   8,  13,  36,  34,  82,  41,  79,  45,  18,  20,  12,  49,  23,  33,  87,  22,  18,
  35,  25,  19,  48,  38,  56,  19,  29,  46,  45,  30,  33,  55,  27,  57,  59,  47,  42,  52,  50,  48,  25,  29,  39,  44,  43,  58,  71,  17,  32,  53,  48,  32,  37,  32,  52,  16,  42,  18,  47,  54,  45,  21,  30,  59,  27,  14,  46,  38,  40,
   ];