//Number of jobs (n) and number of machines (m):
40 2
//Machine capacities (Qk):
30 50
//Processing times of jobs (pjk):
28 53 
57 30 
21 43 
48 19 
43 26 
43 19 
52 23 
59 20 
41 13 
50 16 
44 10 
55 18 
16 43 
12 46 
11 53 
19 52 
19 43 
30 43 
17 53 
26 41 
14 47 
60 28 
51 11 
60 28 
28 40 
11 45 
47 12 
59 17 
40 17 
18 54 
22 47 
47 21 
44 27 
46 28 
51 14 
12 45 
41 18 
13 49 
60 22 
57 10 

//Size of the n jobs (sj):
15 12 12 9 1 1 2 12 3 4 12 8 6 5 2 7 6 3 5 6 13 6 12 14 1 9 12 3 4 12 4 6 12 13 13 11 6 5 7 15 
//Ready time of the n jobs (rj):
18 59 57 36 16 7 67 37 6 59 66 10 57 54 47 55 41 47 24 24 61 1 65 54 23 33 46 38 22 10 56 27 50 41 45 59 13 58 55 11 