//Number of jobs (n) and number of machines (m):
30 2
//Machine capacities (Qk):
50 30
//Processing times of jobs (pjk):
14 53 
43 11 
19 48 
56 13 
42 19 
18 50 
60 12 
23 43 
21 46 
51 19 
27 43 
21 55 
44 18 
49 27 
55 12 
30 59 
17 58 
55 19 
30 46 
26 60 
44 15 
57 29 
47 26 
27 51 
26 46 
40 21 
56 12 
59 17 
44 25 
15 60 

//Size of the n jobs (sj):
10 4 7 14 15 2 7 13 3 14 8 15 4 10 15 3 2 14 7 9 3 10 4 8 13 12 9 3 2 10 
//Ready time of the n jobs (rj):
154 54 203 245 17 259 159 110 243 245 33 131 94 129 237 209 280 69 2 201 136 213 302 142 213 208 33 265 101 151 