//Number of jobs (n) and number of machines (m):
50 2
//Machine capacities (Qk):
50 30
//Processing times of jobs (pjk):
55 18 
40 27 
27 57 
60 30 
25 54 
49 13 
41 26 
59 16 
52 16 
54 17 
26 57 
52 24 
41 29 
25 50 
59 14 
28 45 
60 17 
18 55 
47 16 
15 51 
15 48 
47 15 
43 30 
12 47 
55 13 
47 23 
20 50 
25 54 
21 50 
42 19 
52 28 
52 23 
10 60 
60 16 
56 13 
59 11 
21 41 
18 53 
48 28 
12 57 
48 17 
17 57 
23 48 
41 18 
53 10 
30 47 
59 29 
52 20 
58 29 
46 10 

//Size of the n jobs (sj):
1 5 15 6 4 7 8 4 7 7 6 3 4 14 11 15 13 6 4 7 13 15 5 7 11 9 12 9 7 13 15 9 10 14 2 7 6 11 15 8 5 7 13 13 1 4 2 13 2 5 
//Ready time of the n jobs (rj):
464 98 33 80 406 477 524 423 339 470 465 186 147 334 401 191 122 494 212 24 79 221 282 415 256 73 482 298 4 64 192 269 83 324 361 139 490 94 204 64 452 366 69 18 151 190 415 388 322 344 