//Number of jobs (n) and number of machines (m):
50 2
//Machine capacities (Qk):
30 50
//Processing times of jobs (pjk):
50 14 
26 46 
46 18 
23 60 
22 45 
18 59 
18 43 
51 17 
10 53 
25 46 
59 28 
22 56 
45 29 
15 56 
28 60 
15 57 
17 42 
40 10 
42 27 
17 44 
45 26 
15 58 
26 49 
58 25 
21 47 
40 20 
21 43 
10 49 
10 49 
54 14 
13 51 
54 24 
12 45 
23 42 
10 48 
17 50 
20 44 
30 47 
47 15 
10 56 
22 55 
41 30 
26 47 
47 11 
51 17 
24 59 
10 57 
60 18 
45 18 
22 45 

//Size of the n jobs (sj):
3 9 15 10 6 8 13 2 4 12 5 10 5 4 15 3 11 12 11 15 13 12 8 5 9 13 6 14 6 2 2 10 6 14 6 8 2 3 9 1 1 2 2 4 1 9 4 11 10 12 
//Ready time of the n jobs (rj):
79 29 102 69 64 89 47 70 29 159 106 34 121 150 60 42 47 133 137 119 47 37 83 12 117 125 31 111 12 45 103 127 145 16 72 83 142 64 26 112 172 55 123 43 101 155 169 88 121 6 