//Number of jobs (n) and number of machines (m):
40 2
//Machine capacities (Qk):
30 50
//Processing times of jobs (pjk):
12 57 
26 46 
13 52 
15 49 
55 27 
40 12 
30 60 
11 56 
24 50 
40 18 
22 41 
19 52 
15 45 
12 50 
24 54 
17 51 
27 59 
17 51 
48 29 
23 49 
21 47 
45 28 
13 59 
13 48 
30 44 
28 58 
16 51 
13 56 
59 12 
42 22 
25 59 
50 15 
54 28 
22 58 
56 29 
44 16 
58 22 
19 41 
46 12 
57 27 

//Size of the n jobs (sj):
14 12 13 6 10 14 3 13 6 11 2 11 13 14 2 11 13 12 5 7 15 1 7 4 11 8 15 11 1 8 14 10 15 8 5 6 4 7 7 9 
//Ready time of the n jobs (rj):
397 371 53 144 282 395 85 321 298 393 76 253 318 181 96 187 290 285 311 397 248 335 282 288 226 396 171 68 345 151 81 139 252 369 370 126 411 283 33 395 