1011 0 633.211
0 8 1
1 139 5
2 23 6
3 9 5
4 20 5
5 136 7
6 159 1
7 117 4
8 30 2
9 75 3
10 180 4
11 147 1
12 33 8
13 114 5
14 168 6
15 193 9
16 3 1
17 172 4
18 197 4
19 90 3
20 148 5
21 51 2
22 63 6
23 18 2
24 122 3
25 43 9
26 185 6
27 40 5
28 19 4
29 167 1
30 173 10
31 36 3
32 154 2
33 55 2
34 151 4
35 53 3
36 112 8
37 101 10
38 97 6
39 158 5
40 48 7
41 124 3
42 11 6
43 199 4
44 137 8
45 186 3
46 145 8
47 4 4
48 37 9
49 41 5
50 93 7
51 182 3
52 189 0
53 99 5
54 127 3
55 176 6
56 171 3
57 119 4
58 130 3
59 67 1
60 178 8
61 131 1
62 31 11
63 50 5
64 62 3
65 81 3
66 187 10
67 1 7
68 57 2
69 14 7
70 29 6
71 0 4
72 103 0
73 76 8
74 66 4
75 194 9
76 196 9
77 141 12
78 54 8
79 61 2
80 153 5
81 70 4
82 162 4
83 132 9
84 6 5
85 121 3
86 16 5
87 98 7
88 80 11
89 74 6
90 64 2
91 198 11
92 133 7
93 35 4
94 78 3
95 56 1
96 84 3
97 126 7
98 156 4
99 108 5
100 12 4
101 116 8
102 134 0
103 157 3
104 113 5
105 179 7
106 42 6
107 105 10
108 143 12
109 21 2
110 128 1
111 59 2
112 144 5
113 92 3
114 25 9
115 146 2
116 49 11
117 188 3
118 86 6
119 140 5
120 89 7
121 120 8
122 96 4
123 32 2
124 5 7
125 17 3
126 10 2
127 26 4
128 123 3
129 111 1
130 87 9
131 129 5
132 191 7
133 27 3
134 149 2
135 65 7
136 166 5
137 138 4
138 125 7
139 13 2
140 85 8
141 102 5
142 88 3
143 175 11
144 2 0
145 7 8
146 163 8
147 115 8
148 118 4
149 83 5
150 184 4
151 68 0
152 110 6
153 107 7
154 45 4
155 100 4
156 71 7
157 82 7
158 34 8
159 60 5
160 73 2
161 47 5
162 170 8
163 152 11
164 192 6
165 72 6
166 44 5
167 91 15
168 109 2
169 46 4
170 58 2
171 142 4
172 39 4
173 104 5
174 95 4
175 181 5
176 160 3
177 22 3
178 150 3
179 24 1
180 155 5
181 174 4
182 190 7
183 69 4
184 77 5
185 195 5
186 79 4
187 106 2
188 38 1
189 161 4
190 177 4
191 15 15
192 28 6
193 164 4
194 165 5
195 135 4
196 52 10
197 169 4
198 183 7
199 94 8
# data
200
89 11
26 6
63 86
71 41
85 52
57 55
33 75
78 91
88 10
76 40
96 96
64 10
98 87
21 11
29 51
29 86
71 42
42 32
71 86
37 97
84 57
34 44
40 56
69 84
44 79
11 1
4 25
74 11
33 98
3 50
86 11
54 97
50 11
95 79
27 35
43 62
56 94
65 26
82 99
39 31
77 15
65 52
58 11
12 10
49 41
44 9
79 84
89 53
73 21
70 50
35 66
36 44
98 54
46 63
5 22
93 79
82 69
22 35
80 23
33 3
28 77
36 11
43 99
39 62
40 98
3 44
43 23
33 4
23 37
26 58
9 48
90 15
90 32
83 77
41 19
79 42
89 71
14 75
1 15
37 13
63 78
6 45
80 33
6 93
37 72
20 22
75 46
92 21
73 72
37 24
39 100
5 64
81 11
42 66
3 12
81 69
40 73
88 98
98 17
47 68
94 89
65 36
11 87
90 32
82 3
47 87
54 16
53 78
52 66
35 46
53 5
35 4
58 86
82 8
18 7
69 3
61 43
80 95
80 50
25 32
30 25
23 20
43 76
52 9
64 55
45 30
95 98
8 23
53 6
35 5
83 25
35 10
13 99
74 8
11 87
8 39
52 49
54 34
50 35
23 10
27 27
16 87
76 72
64 67
63 86
86 88
67 2
65 10
80 54
9 88
20 68
23 37
48 1
59 82
48 9
95 93
97 13
87 30
34 30
33 76
84 79
94 52
76 33
59 2
38 86
93 38
48 46
2 49
33 46
76 81
79 25
80 72
39 35
87 1
78 66
74 61
87 80
37 55
23 70
45 80
100 94
79 62
39 45
22 56
17 71
3 31
41 11
52 17
82 98
98 54
40 52
20 98
36 92
38 82
88 39
7 35
95 64
75 85
16 61
11 14
