846 0 203.534
0 34 3
1 84 10
2 87 6
3 46 11
4 110 6
5 141 3
6 23 6
7 59 2
8 50 6
9 114 1
10 40 4
11 137 11
12 41 3
13 75 4
14 11 4
15 35 2
16 125 4
17 86 2
18 78 0
19 65 6
20 7 4
21 99 3
22 88 5
23 22 6
24 2 6
25 63 1
26 61 4
27 18 7
28 119 6
29 106 7
30 112 3
31 0 6
32 131 9
33 115 1
34 43 3
35 6 5
36 136 14
37 38 6
38 42 1
39 33 3
40 49 10
41 62 2
42 25 5
43 20 3
44 144 1
45 109 4
46 117 4
47 64 3
48 140 9
49 123 11
50 73 10
51 15 3
52 128 3
53 111 3
54 85 13
55 12 1
56 96 5
57 70 1
58 148 10
59 26 7
60 9 8
61 94 8
62 108 12
63 105 7
64 104 7
65 92 7
66 98 5
67 143 6
68 127 15
69 103 9
70 69 6
71 54 6
72 5 5
73 58 7
74 129 3
75 135 5
76 66 2
77 44 10
78 8 2
79 132 2
80 3 3
81 47 4
82 53 7
83 134 1
84 4 4
85 17 10
86 149 1
87 32 7
88 138 5
89 24 7
90 74 4
91 107 5
92 60 7
93 14 3
94 13 6
95 56 4
96 122 7
97 28 4
98 16 3
99 118 2
100 31 14
101 126 7
102 36 4
103 10 1
104 77 6
105 27 13
106 101 7
107 113 1
108 83 6
109 102 1
110 82 3
111 142 7
112 55 0
113 116 5
114 29 10
115 57 6
116 145 5
117 37 5
118 1 2
119 52 12
120 72 22
121 68 3
122 121 3
123 80 3
124 100 7
125 45 4
126 21 8
127 76 9
128 30 8
129 71 3
130 39 8
131 133 3
132 90 8
133 95 2
134 120 7
135 130 4
136 146 4
137 67 5
138 79 11
139 93 7
140 51 7
141 81 3
142 147 11
143 89 6
144 91 9
145 48 9
146 97 4
147 139 3
148 19 10
149 124 12
# data
150
75 84
44 63
12 50
49 99
47 49
95 28
69 35
86 79
23 88
21 72
64 91
29 44
70 5
74 70
33 45
73 36
26 6
93 74
21 90
10 78
82 78
45 68
57 37
63 36
6 53
40 99
85 70
20 97
58 19
28 81
66 4
79 89
22 40
57 69
77 81
73 38
33 18
43 89
38 93
56 66
60 92
73 4
38 94
79 78
85 34
32 10
46 88
99 33
64 23
66 100
17 87
76 35
59 5
48 34
97 51
69 5
8 35
57 76
1 94
87 77
17 65
85 66
75 3
40 100
100 36
16 75
19 12
23 58
12 21
61 81
56 77
91 53
100 25
8 92
85 52
71 67
17 11
91 43
21 90
75 46
52 97
95 31
51 41
89 5
45 53
97 64
91 75
16 45
59 42
13 55
82 55
85 24
11 70
36 44
80 73
12 34
5 30
54 19
24 9
44 65
93 88
32 68
30 15
65 90
97 43
33 98
32 75
80 22
85 10
31 14
48 43
47 31
69 5
81 21
22 73
57 70
77 18
45 84
46 64
64 16
97 3
11 24
8 23
55 99
100 86
28 10
38 73
9 6
58 2
88 51
64 62
16 33
77 48
14 36
90 4
68 63
47 23
27 55
64 42
39 51
70 30
92 30
42 37
19 53
85 33
72 18
50 20
39 48
2 84
92 76
