667 0 12.5035
0 7 4
1 71 6
2 66 5
3 59 6
4 44 10
5 43 5
6 19 5
7 31 9
8 11 6
9 5 3
10 75 7
11 47 3
12 30 16
13 41 3
14 20 13
15 6 8
16 52 5
17 36 3
18 1 12
19 17 3
20 70 16
21 3 6
22 74 4
23 65 9
24 79 4
25 56 17
26 29 9
27 63 15
28 50 11
29 4 11
30 21 11
31 38 13
32 42 11
33 48 3
34 45 11
35 61 5
36 23 10
37 13 15
38 51 28
39 35 5
40 58 2
41 39 5
42 26 11
43 69 9
44 46 1
45 72 10
46 49 5
47 62 15
48 25 2
49 14 16
50 54 6
51 37 9
52 64 11
53 60 13
54 78 5
55 8 15
56 9 5
57 28 28
58 73 8
59 33 14
60 77 6
61 18 1
62 67 2
63 76 8
64 53 8
65 57 7
66 0 6
67 15 2
68 32 9
69 22 12
70 24 14
71 34 7
72 40 5
73 68 1
74 16 5
75 2 10
76 12 8
77 10 5
78 27 10
79 55 5
# data
80
19 53
25 49
13 61
80 93
71 55
38 86
66 29
17 49
57 1
39 83
24 72
63 3
91 84
25 24
50 40
70 21
11 96
74 30
28 37
71 31
55 27
82 99
20 94
82 18
41 11
58 94
68 69
88 65
95 47
62 62
93 100
15 40
64 80
60 98
27 62
26 32
76 27
16 12
3 33
31 30
45 74
26 27
75 78
33 89
71 45
38 66
70 45
66 4
57 96
65 46
99 58
10 5
15 92
4 76
94 54
45 10
44 84
97 19
46 76
74 94
17 80
29 36
71 19
100 75
8 83
91 15
13 56
72 21
55 78
32 98
39 25
24 55
48 70
54 77
16 95
23 65
99 83
23 77
89 55
40 7
