747 0 56.9827
0 38 6
1 77 5
2 29 4
3 43 3
4 18 6
5 16 17
6 83 12
7 1 6
8 4 6
9 95 14
10 69 6
11 59 12
12 24 7
13 57 16
14 75 5
15 14 4
16 81 10
17 21 2
18 41 1
19 7 7
20 11 11
21 63 11
22 52 7
23 48 5
24 89 1
25 50 16
26 76 5
27 26 5
28 85 1
29 84 4
30 40 8
31 28 8
32 5 2
33 15 11
34 0 5
35 99 11
36 67 6
37 27 9
38 12 7
39 42 4
40 93 10
41 20 5
42 3 3
43 37 3
44 98 12
45 73 13
46 91 7
47 34 3
48 54 9
49 51 1
50 74 8
51 72 8
52 2 9
53 90 1
54 44 8
55 68 10
56 62 6
57 45 2
58 47 9
59 19 10
60 49 6
61 70 21
62 22 1
63 78 5
64 36 8
65 82 2
66 31 8
67 39 10
68 17 6
69 35 2
70 25 6
71 66 13
72 23 7
73 88 14
74 53 6
75 46 4
76 92 2
77 33 7
78 97 16
79 30 5
80 8 11
81 9 12
82 56 8
83 61 12
84 96 6
85 80 2
86 13 13
87 79 0
88 32 5
89 87 5
90 55 15
91 94 9
92 60 5
93 71 1
94 6 9
95 58 8
96 86 12
97 64 12
98 10 4
99 65 26
# data
100
55 84
15 72
78 37
54 38
27 88
77 92
14 30
12 78
33 88
68 95
80 3
11 100
57 71
100 61
5 57
3 61
73 75
47 14
21 87
5 78
16 90
49 15
90 45
60 23
58 64
7 1
63 42
63 47
26 76
77 41
67 59
31 69
79 92
14 60
50 86
85 9
39 42
57 40
54 78
51 31
59 56
20 86
53 35
54 41
70 13
86 73
8 50
47 88
59 18
69 28
22 7
68 27
83 45
36 4
63 9
52 2
92 40
88 73
46 97
8 88
69 34
4 22
91 46
48 26
31 44
98 34
36 62
43 37
44 8
85 7
1 1
49 63
60 30
95 83
30 4
4 52
68 40
16 67
43 24
63 63
29 77
67 83
99 36
16 18
78 45
27 77
87 61
63 63
84 92
58 63
37 3
3 44
66 38
50 62
6 35
54 97
83 49
29 32
76 2
96 8
