553 0 3.03851
0 3 19
1 11 11
2 25 23
3 24 14
4 36 6
5 9 5
6 32 14
7 35 9
8 13 6
9 16 14
10 33 7
11 34 2
12 41 22
13 38 5
14 2 17
15 44 6
16 42 11
17 37 11
18 27 5
19 48 26
20 22 25
21 7 20
22 21 6
23 28 14
24 17 6
25 45 10
26 5 4
27 40 9
28 8 10
29 6 18
30 12 8
31 0 15
32 15 13
33 31 13
34 23 6
35 14 8
36 19 7
37 30 8
38 4 15
39 43 10
40 49 12
41 47 9
42 29 6
43 20 3
44 18 24
45 10 2
46 39 8
47 1 13
48 26 12
49 46 6
# data
50
68 28
80 62
47 38
69 9
81 92
40 84
25 78
22 14
94 76
35 84
70 42
74 72
100 26
95 82
36 24
44 57
30 98
85 13
14 58
75 96
11 35
4 4
4 10
82 74
83 7
65 53
44 83
11 53
94 66
13 92
98 18
83 33
35 67
77 45
76 73
29 20
82 98
96 10
96 87
24 38
2 50
97 48
19 94
14 34
38 57
70 44
17 43
91 55
55 78
11 41
