784 0 72.9042
0 72 8
1 99 5
2 42 11
3 31 3
4 108 1
5 65 21
6 68 12
7 51 6
8 23 9
9 118 5
10 30 8
11 104 13
12 86 12
13 28 5
14 117 10
15 66 10
16 109 6
17 27 5
18 67 7
19 81 2
20 74 6
21 49 12
22 59 10
23 77 2
24 112 2
25 24 5
26 113 2
27 54 6
28 102 2
29 3 8
30 22 5
31 95 10
32 8 5
33 76 4
34 58 8
35 17 9
36 92 8
37 16 19
38 37 9
39 52 5
40 110 8
41 13 3
42 115 3
43 20 10
44 26 5
45 12 4
46 78 4
47 93 5
48 40 7
49 98 5
50 38 5
51 2 4
52 82 5
53 89 8
54 6 7
55 41 4
56 33 8
57 119 7
58 107 5
59 97 5
60 64 6
61 36 4
62 84 9
63 103 5
64 94 5
65 25 2
66 47 1
67 88 16
68 53 5
69 63 7
70 96 8
71 46 7
72 85 6
73 10 6
74 21 2
75 15 10
76 116 5
77 57 10
78 70 8
79 18 7
80 62 2
81 56 6
82 91 3
83 71 3
84 7 20
85 9 8
86 44 14
87 75 2
88 34 2
89 73 12
90 60 4
91 50 6
92 19 5
93 1 2
94 105 6
95 61 6
96 80 5
97 87 1
98 90 5
99 45 5
100 11 4
101 0 12
102 100 10
103 43 5
104 39 13
105 83 7
106 29 1
107 5 7
108 111 2
109 114 17
110 55 6
111 14 1
112 106 3
113 69 6
114 32 6
115 4 3
116 48 11
117 101 5
118 79 4
119 35 7
# data
120
69 40
44 72
88 60
68 90
85 43
93 91
23 20
98 58
33 7
70 56
16 42
7 74
55 67
15 86
83 42
29 64
3 9
36 24
73 71
47 79
61 11
60 5
24 52
39 14
66 100
70 97
54 37
36 19
10 89
62 96
19 50
70 87
28 6
40 88
95 79
43 31
54 80
11 27
3 32
2 49
27 82
18 84
85 49
65 21
53 42
51 66
96 18
37 71
22 88
67 15
1 37
92 60
2 44
30 37
30 20
19 80
41 80
49 21
98 87
16 58
77 14
58 81
94 31
66 30
83 11
72 95
36 72
77 77
27 32
59 31
99 27
93 11
73 47
21 38
58 5
19 66
36 90
41 15
100 19
75 64
93 29
47 81
7 43
90 9
100 38
77 52
49 56
18 64
93 78
31 45
77 18
7 40
48 74
42 71
87 8
64 78
91 24
19 63
72 17
46 67
10 77
75 29
10 87
63 26
1 62
90 2
63 97
100 92
86 42
7 4
23 75
84 41
64 100
56 37
24 1
85 46
32 94
80 32
72 61
42 24
