813 0.0135301 3600.03
0 0 0
0 24 43
0 26 41
0 29 14
0 31 15
0 34 42
0 35 15
0 39 29
1 6 18
2 23 15
3 15 13
4 0 47
5 0 43
6 3 21
7 0 27
8 2 5
9 14 7
10 40 3
11 7 4
12 38 9
13 22 3
14 12 20
15 0 39
16 25 11
17 37 16
18 13 13
19 1 5
20 11 13
21 10 18
22 20 9
23 4 12
24 30 11
25 27 9
26 32 10
27 17 3
28 21 2
29 18 12
30 19 4
31 33 17
32 16 21
33 36 15
34 8 25
35 9 23
36 0 24
37 0 35
38 0 17
39 28 5
40 5 10
# data
41
56 55 0
13 99 30
10 12 32
6 61 5
12 37 11
73 95 4
15 81 6
60 82 12
15 10 27
28 64 2
86 90 37
61 86 15
44 79 28
49 93 5
25 71 21
17 53 8
87 7 33
64 10 8
56 81 20
18 100 28
55 98 34
77 74 1
46 94 27
5 27 31
31 91 37
76 10 5
92 34 35
67 8 23
79 74 7
55 69 10
22 98 7
70 62 36
98 25 4
84 51 23
40 16 18
43 46 23
74 39 30
51 20 18
48 70 30
82 69 37
83 91 24
