973 0.036999 3600.07
0 0 0
0 14 10
0 21 28
0 23 40
0 32 18
0 40 35
0 41 56
0 42 25
0 49 37
0 50 24
1 34 7
2 0 46
3 0 42
4 0 29
5 27 7
6 24 17
7 0 32
8 0 12
9 0 35
10 0 33
11 28 21
12 38 11
13 4 15
14 8 3
15 45 15
16 30 4
17 13 1
18 9 3
19 26 9
20 11 8
21 12 3
22 47 8
23 37 22
24 15 10
25 48 10
26 10 4
27 3 14
28 0 26
29 39 15
30 5 3
31 43 14
32 44 6
33 2 19
34 18 8
35 31 31
36 1 4
37 16 2
38 17 6
39 22 3
40 25 12
41 20 13
42 35 9
43 7 21
44 6 19
45 0 18
46 29 6
47 19 17
48 33 7
49 46 6
50 36 14
# data
51
48 60 0
85 70 30
20 97 34
58 19 18
28 81 25
66 4 5
79 89 20
22 40 20
57 69 40
77 81 19
73 38 20
33 18 38
43 89 11
38 93 28
56 66 14
60 92 35
73 4 32
38 94 9
79 78 36
85 34 9
32 10 29
46 88 26
99 33 37
64 23 12
66 100 18
17 87 28
76 35 2
59 5 30
48 34 28
97 51 14
69 5 18
8 35 30
57 76 15
1 94 11
87 77 3
17 65 37
85 66 30
75 3 9
40 100 36
100 36 4
16 75 31
19 12 33
23 58 32
12 21 18
61 81 27
56 77 23
91 53 15
100 25 26
8 92 15
85 52 3
71 67 21
