1459 0.0781357 3600.02
0 0 0
0 2 34
0 5 15
0 6 23
0 9 18
0 22 42
0 25 58
0 41 36
0 44 23
0 50 16
0 53 33
0 59 11
0 72 41
0 80 31
1 42 7
2 47 10
3 16 12
4 38 20
5 37 18
6 4 1
7 76 10
8 29 25
9 69 15
10 56 6
11 79 4
12 34 3
13 49 12
14 10 6
15 0 45
16 18 8
17 62 10
18 32 6
19 70 1
20 75 5
21 48 16
22 67 19
23 36 8
24 13 8
25 17 7
26 31 11
27 0 41
28 8 18
29 63 7
30 0 31
31 0 25
32 0 15
33 28 1
34 77 34
35 52 11
36 0 57
37 57 21
38 65 8
39 30 18
40 45 2
41 20 4
42 11 21
43 24 6
44 35 4
45 14 3
46 71 14
47 68 9
48 58 10
49 0 38
50 33 6
51 15 5
52 66 1
53 78 12
54 51 4
55 61 8
56 23 11
57 12 7
58 64 14
59 21 16
60 0 8
61 27 22
62 73 2
63 3 2
64 26 9
65 46 7
66 0 19
67 55 6
68 19 15
69 60 17
70 0 44
71 0 21
72 40 1
73 0 54
74 1 7
75 43 3
76 54 11
77 0 18
78 7 9
79 39 26
80 74 2
# data
81
49 55 0
26 27 8
75 78 22
33 89 10
71 45 20
38 66 5
70 45 25
66 4 32
57 96 37
65 46 29
99 58 22
10 5 15
15 92 35
4 76 27
94 54 12
45 10 7
44 84 20
97 19 23
46 76 1
74 94 16
17 80 33
29 36 10
71 19 29
100 75 26
8 83 1
91 15 37
13 56 34
72 21 10
55 78 10
32 98 20
39 25 16
24 55 28
48 70 9
54 77 5
16 95 39
23 65 30
99 83 12
23 77 12
89 55 15
40 7 29
91 49 13
20 77 22
26 20 11
13 87 33
27 63 40
93 51 8
82 69 38
80 87 33
13 31 8
16 74 17
52 71 5
42 5 24
34 68 38
54 22 28
45 2 28
89 1 35
100 64 26
8 93 38
3 34 19
41 47 25
53 47 25
91 9 38
99 29 40
34 91 6
10 47 16
87 63 26
35 68 32
86 7 24
89 91 39
60 31 11
73 93 25
69 63 11
90 49 13
97 29 31
33 26 11
13 84 7
56 4 5
42 72 1
61 12 13
14 6 13
33 28 12
