1712 0.0969626 12354.7
0 0 0
0 3 37
0 10 25
0 13 15
0 14 13
0 16 22
0 17 4
0 28 17
0 39 26
0 43 21
0 53 10
0 57 32
0 63 17
0 80 38
0 81 39
0 90 9
0 92 54
0 94 22
1 51 7
2 34 5
3 40 1
4 48 14
5 18 10
6 0 48
7 50 5
8 87 5
9 73 7
10 59 17
11 97 2
12 46 8
13 98 2
14 41 28
15 32 2
16 88 32
17 61 10
18 0 33
19 22 33
20 11 21
21 96 17
22 0 19
23 78 10
24 91 3
25 69 1
26 42 2
27 74 12
28 24 23
29 37 0
30 0 39
31 67 11
32 68 6
33 56 3
34 26 11
35 0 39
36 12 15
37 99 4
38 23 14
39 31 21
40 75 2
41 25 8
42 0 22
43 21 1
44 0 38
45 100 4
46 0 39
47 66 10
48 84 12
49 19 11
50 36 10
51 0 20
52 49 2
53 0 10
54 38 2
55 89 21
56 47 17
57 2 9
58 0 7
59 65 9
60 83 14
61 58 13
62 54 5
63 55 11
64 95 5
65 1 5
66 0 6
67 72 1
68 6 2
69 79 3
70 85 8
71 0 42
72 62 12
73 64 2
74 0 27
75 5 14
76 33 7
77 9 21
78 86 15
79 27 17
80 82 4
81 77 1
82 20 18
83 93 15
84 52 10
85 30 6
86 0 41
87 0 53
88 70 3
89 15 5
90 76 26
91 71 0
92 7 0
93 45 6
94 60 9
95 35 20
96 29 8
97 44 12
98 4 20
99 0 26
100 8 4
# data
101
44 41 0
68 27 22
83 45 34
36 4 6
63 9 29
52 2 32
92 40 15
88 73 22
46 97 16
8 88 11
69 34 36
4 22 31
91 46 37
48 26 6
31 44 12
98 34 5
36 62 31
43 37 13
44 8 36
85 7 28
1 1 38
49 63 32
60 30 1
95 83 5
30 4 40
4 52 23
68 40 29
16 67 40
43 24 25
63 63 2
29 77 23
67 83 1
99 36 25
16 18 30
78 45 30
27 77 19
87 61 6
63 63 9
84 92 35
58 63 2
37 3 31
3 44 7
66 38 36
50 62 20
6 35 6
54 97 36
83 49 18
29 32 24
76 2 10
96 8 23
93 70 26
63 33 3
98 6 1
40 51 26
83 94 17
72 36 26
15 21 19
75 50 11
51 38 31
80 20 31
52 71 17
43 27 27
80 99 24
61 36 13
10 97 28
71 22 32
38 38 37
68 94 6
94 40 24
3 53 20
27 91 35
27 2 34
69 94 4
8 95 16
20 55 17
38 1 23
21 13 16
12 67 22
85 81 32
2 56 21
10 22 13
13 66 24
8 18 23
52 85 8
88 3 35
28 83 22
72 72 14
41 94 22
28 94 17
93 35 28
40 32 5
27 2 35
88 73 29
60 98 4
47 63 20
13 92 19
64 71 36
2 23 24
50 25 7
59 63 28
50 95 12
