//numero de Clientes
40
//Capacidade dos veiculos
129

//Coordenada do Deposito 
56, 55

//Coordenadas dos Clientes 
13, 99
10, 12
6, 61
12, 37
73, 95
15, 81
60, 82
15, 10
28, 64
86, 90
61, 86
44, 79
49, 93
25, 71
17, 53
87, 7
64, 10
56, 81
18, 100
55, 98
77, 74
46, 94
5, 27
31, 91
76, 10
92, 34
67, 8
79, 74
55, 69
22, 98
70, 62
98, 25
84, 51
40, 16
43, 46
74, 39
51, 20
48, 70
82, 69
83, 91

//Demanda dos Clientes:
q = [30, 32, 5, 11, 4, 6, 12, 27, 2, 37, 15, 28, 5, 21, 8, 33, 8, 20, 28, 34, 1, 27, 31, 37, 5, 35, 23, 7, 10, 7, 36, 4, 23, 18, 23, 30, 18, 30, 37, 24];

d = [   [0,   62,   63,   50,   48,   43,   49,   27,   61,   29,   46,   31,   27,   39,   35,   39,   57,   46,   26,   59,   43,   28,   40,   58,   44,   49,   42,   48,   30,   14,   55,   16,   52,   28,   42,   16,   24,   35,   17,   30,   45],
[62,    0,   87,   39,   62,   60,   18,   50,   89,   38,   74,   50,   37,   36,   30,   46,  118,  103,   47,    5,   42,   69,   33,   72,   20,  109,  102,  106,   71,   52,    9,   68,  113,   86,   87,   61,   86,   88,   45,   75,   70],
[63,   87,    0,   49,   25,  104,   69,   86,    5,   55,  109,   90,   75,   90,   61,   42,   77,   54,   83,   88,   97,   91,   90,   16,   82,   66,   85,   57,   93,   73,   87,   78,   89,   84,   30,   47,   69,   42,   69,   92,  108],
[50,   39,   49,    0,   25,   75,   22,   58,   52,   22,   85,   60,   42,   54,   21,   14,   97,   77,   54,   41,   61,   72,   52,   34,   39,   87,   90,   81,   74,   50,   40,   64,   99,   79,   56,   40,   71,   61,   43,   76,   83],
[48,   62,   25,   25,    0,   84,   44,   66,   27,   31,   91,   69,   53,   67,   36,   17,   81,   59,   62,   63,   75,   75,   66,   12,   57,   69,   80,   62,   77,   54,   62,   63,   87,   73,   35,   32,   62,   43,   49,   77,   89],
[43,   60,  104,   75,   84,    0,   60,   18,  103,   55,   14,   15,   33,   24,   54,   70,   89,   85,   22,   55,   18,   21,   27,   96,   42,   85,   64,   87,   22,   32,   51,   33,   74,   45,   86,   57,   56,   78,   35,   28,   11],
[49,   18,   69,   22,   44,   60,    0,   45,   71,   21,   72,   46,   29,   36,   14,   28,  103,   86,   41,   19,   43,   62,   34,   55,   19,   94,   90,   90,   64,   42,   18,   58,  100,   75,   70,   45,   72,   71,   35,   68,   69],
[27,   50,   86,   58,   66,   18,   45,    0,   85,   37,   27,    4,   16,   16,   37,   52,   80,   72,    4,   46,   17,   19,   18,   78,   30,   74,   58,   74,   21,   14,   41,   22,   69,   39,   69,   40,   45,   63,   17,   26,   25],
[61,   89,    5,   52,   27,  103,   71,   85,    0,   56,  107,   89,   75,   90,   62,   43,   72,   49,   82,   90,   97,   89,   90,   20,   83,   61,   81,   52,   91,   71,   88,   76,   84,   80,   26,   46,   66,   37,   68,   89,  106],
[29,   38,   55,   22,   31,   55,   21,   37,   56,    0,   64,   40,   22,   36,    8,   16,   82,   65,   33,   37,   43,   50,   35,   44,   27,   72,   71,   68,   52,   27,   35,   42,   80,   57,   49,   23,   52,   50,   21,   54,   61],
[46,   74,  109,   85,   91,   14,   72,   27,  107,   64,    0,   25,   43,   37,   64,   78,   83,   83,   31,   69,   32,   18,   40,  103,   55,   81,   56,   84,   17,   37,   64,   32,   66,   39,   87,   62,   52,   78,   43,   21,    3],
[31,   50,   90,   60,   69,   15,   46,    4,   89,   40,   25,    0,   18,   14,   39,   55,   83,   76,    7,   45,   13,   20,   17,   81,   30,   77,   61,   78,   22,   18,   41,   26,   71,   42,   73,   44,   49,   67,   21,   27,   23],
[27,   37,   75,   42,   53,   33,   29,   16,   75,   22,   43,   18,    0,   15,   21,   37,   84,   72,   12,   33,   22,   33,   15,   65,   18,   76,   66,   75,   35,   15,   29,   31,   76,   49,   63,   33,   50,   59,   10,   39,   41],
[39,   36,   90,   54,   67,   24,   36,   16,   90,   36,   37,   14,   15,    0,   33,   51,   94,   84,   14,   32,    8,   34,    3,   79,   18,   87,   73,   87,   36,   25,   27,   37,   84,   55,   78,   47,   60,   73,   23,   41,   34],
[35,   30,   61,   21,   36,   54,   14,   37,   62,    8,   64,   39,   21,   33,    0,   20,   89,   72,   33,   30,   40,   52,   31,   48,   21,   80,   77,   76,   54,   30,   27,   46,   86,   62,   57,   31,   59,   57,   23,   57,   61],
[39,   46,   42,   14,   17,   70,   28,   52,   43,   16,   78,   55,   37,   51,   20,    0,   84,   64,   48,   47,   59,   64,   50,   29,   40,   73,   77,   67,   65,   41,   45,   54,   86,   67,   44,   27,   59,   47,   35,   67,   76],
[57,  118,   77,   97,   81,   89,  103,   80,   72,   82,   83,   83,   84,   94,   89,   84,    0,   23,   80,  116,   96,   68,   96,   84,  101,   11,   27,   20,   67,   70,  112,   58,   21,   44,   48,   59,   35,   38,   74,   62,   84],
[46,  103,   54,   77,   59,   85,   86,   72,   49,   65,   83,   76,   72,   84,   72,   64,   23,    0,   71,  101,   88,   65,   86,   61,   87,   12,   37,    4,   66,   60,   98,   52,   37,   46,   25,   42,   31,   16,   62,   62,   83],
[26,   47,   83,   54,   62,   22,   41,    4,   82,   33,   31,    7,   12,   14,   33,   48,   80,   71,    0,   42,   17,   22,   16,   74,   27,   74,   59,   74,   24,   12,   38,   24,   70,   41,   67,   37,   46,   61,   14,   29,   29],
[59,    5,   88,   41,   63,   55,   19,   46,   90,   37,   69,   45,   33,   32,   30,   47,  116,  101,   42,    0,   37,   64,   29,   74,   16,  107,   99,  104,   66,   48,    4,   64,  110,   82,   87,   60,   83,   87,   42,   71,   66],
[43,   42,   97,   61,   75,   18,   43,   17,   97,   43,   32,   13,   22,    8,   40,   59,   96,   88,   17,   37,    0,   33,   10,   87,   25,   90,   74,   91,   34,   29,   33,   39,   85,   55,   83,   53,   62,   78,   29,   40,   29],
[28,   69,   91,   72,   75,   21,   62,   19,   89,   50,   18,   20,   33,   34,   52,   64,   68,   65,   22,   64,   33,    0,   37,   86,   49,   64,   43,   67,    2,   23,   60,   14,   53,   24,   69,   44,   35,   60,   29,    7,   18],
[40,   33,   90,   52,   66,   27,   34,   18,   90,   35,   40,   17,   15,    3,   31,   50,   96,   86,   16,   29,   10,   37,    0,   79,   15,   89,   76,   89,   39,   27,   24,   40,   86,   57,   78,   48,   62,   74,   24,   44,   37],
[58,   72,   16,   34,   12,   96,   55,   78,   20,   44,  103,   81,   65,   79,   48,   29,   84,   61,   74,   74,   87,   86,   79,    0,   69,   73,   87,   65,   88,   65,   73,   74,   93,   83,   37,   42,   70,   47,   61,   88,  101],
[44,   20,   82,   39,   57,   42,   19,   30,   83,   27,   55,   30,   18,   18,   21,   40,  101,   87,   27,   16,   25,   49,   15,   69,    0,   93,   83,   90,   51,   33,   11,   49,   94,   66,   76,   47,   67,   74,   27,   56,   52],
[49,  109,   66,   87,   69,   85,   94,   74,   61,   72,   81,   77,   76,   87,   80,   73,   11,   12,   74,  107,   90,   64,   89,   73,   93,    0,   29,    9,   64,   63,  103,   52,   27,   42,   36,   49,   29,   27,   66,   59,   81],
[42,  102,   85,   90,   80,   64,   90,   58,   81,   71,   56,   61,   66,   73,   77,   77,   27,   37,   59,   99,   74,   43,   76,   87,   83,   29,    0,   36,   42,   51,   95,   36,   11,   19,   55,   50,   19,   43,   57,   36,   58],
[48,  106,   57,   81,   62,   87,   90,   74,   52,   68,   84,   78,   75,   87,   76,   67,   20,    4,   74,  104,   91,   67,   89,   65,   90,    9,   36,    0,   67,   62,  101,   54,   35,   46,   28,   45,   32,   20,   65,   63,   85],
[30,   71,   93,   74,   77,   22,   64,   21,   91,   52,   17,   22,   35,   36,   54,   65,   67,   66,   24,   66,   34,    2,   39,   88,   51,   64,   42,   67,    0,   25,   62,   15,   53,   24,   70,   46,   35,   61,   31,    6,   17],
[14,   52,   73,   50,   54,   32,   42,   14,   71,   27,   37,   18,   15,   25,   30,   41,   70,   60,   12,   48,   29,   23,   27,   65,   33,   63,   51,   62,   25,    0,   44,   17,   62,   34,   55,   26,   36,   49,    7,   27,   36],
[55,    9,   87,   40,   62,   51,   18,   41,   88,   35,   64,   41,   29,   27,   27,   45,  112,   98,   38,    4,   33,   60,   24,   73,   11,  103,   95,  101,   62,   44,    0,   60,  105,   78,   84,   56,   79,   83,   38,   67,   61],
[16,   68,   78,   64,   63,   33,   58,   22,   76,   42,   32,   26,   31,   37,   46,   54,   58,   52,   24,   64,   39,   14,   40,   74,   49,   52,   36,   54,   15,   17,   60,    0,   46,   18,   55,   31,   23,   46,   23,   14,   32],
[52,  113,   89,   99,   87,   74,  100,   69,   84,   80,   66,   71,   76,   84,   86,   86,   21,   37,   70,  110,   85,   53,   86,   93,   94,   27,   11,   35,   53,   62,  105,   46,    0,   30,   59,   59,   28,   47,   67,   47,   68],
[28,   86,   84,   79,   73,   45,   75,   39,   80,   57,   39,   42,   49,   55,   62,   67,   44,   46,   41,   82,   55,   24,   57,   83,   66,   42,   19,   46,   24,   34,   78,   18,   30,    0,   56,   41,   16,   45,   41,   18,   40],
[42,   87,   30,   56,   35,   86,   70,   69,   26,   49,   87,   73,   63,   78,   57,   44,   48,   25,   67,   87,   83,   69,   78,   37,   76,   36,   55,   28,   70,   55,   84,   55,   59,   56,    0,   30,   41,   12,   55,   68,   86],
[16,   61,   47,   40,   32,   57,   45,   40,   46,   23,   62,   44,   33,   47,   31,   27,   59,   42,   37,   60,   53,   44,   48,   42,   47,   49,   50,   45,   46,   26,   56,   31,   59,   41,   30,    0,   32,   27,   25,   45,   60],
[24,   86,   69,   71,   62,   56,   72,   45,   66,   52,   52,   49,   50,   60,   59,   59,   35,   31,   46,   83,   62,   35,   62,   70,   67,   29,   19,   32,   35,   36,   79,   23,   28,   16,   41,   32,    0,   30,   40,   31,   53],
[35,   88,   42,   61,   43,   78,   71,   63,   37,   50,   78,   67,   59,   73,   57,   47,   38,   16,   61,   87,   78,   60,   74,   47,   74,   27,   43,   20,   61,   49,   83,   46,   47,   45,   12,   27,   30,    0,   50,   58,   78],
[17,   45,   69,   43,   49,   35,   35,   17,   68,   21,   43,   21,   10,   23,   23,   35,   74,   62,   14,   42,   29,   29,   24,   61,   27,   66,   57,   65,   31,    7,   38,   23,   67,   41,   55,   25,   40,   50,    0,   34,   41],
[30,   75,   92,   76,   77,   28,   68,   26,   89,   54,   21,   27,   39,   41,   57,   67,   62,   62,   29,   71,   40,    7,   44,   88,   56,   59,   36,   63,    6,   27,   67,   14,   47,   18,   68,   45,   31,   58,   34,    0,   22],
[45,   70,  108,   83,   89,   11,   69,   25,  106,   61,    3,   23,   41,   34,   61,   76,   84,   83,   29,   66,   29,   18,   37,  101,   52,   81,   58,   85,   17,   36,   61,   32,   68,   40,   86,   60,   53,   78,   41,   22,    0]];