//numero de Clientes
50
//Capacidade dos veiculos
140

//Coordenada do Deposito 
48, 60

//Coordenadas dos Clientes 
85, 70
20, 97
58, 19
28, 81
66, 4
79, 89
22, 40
57, 69
77, 81
73, 38
33, 18
43, 89
38, 93
56, 66
60, 92
73, 4
38, 94
79, 78
85, 34
32, 10
46, 88
99, 33
64, 23
66, 100
17, 87
76, 35
59, 5
48, 34
97, 51
69, 5
8, 35
57, 76
1, 94
87, 77
17, 65
85, 66
75, 3
40, 100
100, 36
16, 75
19, 12
23, 58
12, 21
61, 81
56, 77
91, 53
100, 25
8, 92
85, 52
71, 67

//Demanda dos Clientes:
q = [30, 34, 18, 25, 5, 20, 20, 40, 19, 20, 38, 11, 28, 14, 35, 32, 9, 36, 9, 29, 26, 37, 12, 18, 28, 2, 30, 28, 14, 18, 30, 15, 11, 3, 37, 30, 9, 36, 4, 31, 33, 32, 18, 27, 23, 15, 26, 15, 3, 21];

d = [   [0,   38,   46,   42,   29,   59,   42,   33,   13,   36,   33,   45,   29,   34,   10,   34,   61,   35,   36,   45,   52,   28,   58,   40,   44,   41,   38,   56,   26,   50,   59,   47,   18,   58,   43,   31,   37,   63,   41,   57,   35,   56,   25,   53,   25,   19,   44,   63,   51,   38,   24],
[38,    0,   70,   58,   58,   69,   20,   70,   28,   14,   34,   74,   46,   52,   29,   33,   67,   53,   10,   36,   80,   43,   40,   51,   36,   70,   36,   70,   52,   22,   67,   85,   29,   87,    7,   68,    4,   68,   54,   37,   69,   88,   63,   88,   26,   30,   18,   47,   80,   18,   14],
[46,   70,    0,   87,   18,  104,   60,   57,   46,   59,   79,   80,   24,   18,   48,   40,  107,   18,   62,   91,   88,   28,  102,   86,   46,   10,   84,  100,   69,   90,  104,   63,   43,   19,   70,   32,   72,  109,   20,  101,   22,   85,   39,   76,   44,   41,   84,  108,   13,   79,   59],
[42,   58,   87,    0,   69,   17,   73,   42,   50,   65,   24,   25,   72,   77,   47,   73,   21,   78,   63,   31,   28,   70,   43,    7,   81,   79,   24,   14,   18,   50,   18,   52,   57,   94,   65,   62,   54,   23,   83,   45,   70,   40,   52,   46,   62,   58,   47,   42,   88,   43,   50],
[29,   58,   18,   69,    0,   86,   52,   41,   31,   49,   62,   63,   17,   16,   32,   34,   89,   16,   51,   74,   71,   19,   86,   68,   42,   13,   66,   82,   51,   75,   86,   50,   29,   30,   59,   19,   59,   91,   22,   85,   13,   70,   24,   62,   33,   28,   69,   91,   23,   64,   45],
[59,   69,  104,   17,   86,    0,   86,   57,   66,   78,   35,   36,   88,   93,   63,   88,    7,   94,   75,   36,   35,   86,   44,   19,   96,   96,   33,    7,   35,   56,    3,   66,   73,  111,   76,   78,   65,    9,   99,   47,   87,   48,   69,   57,   77,   74,   55,   40,  105,   52,   63],
[42,   20,   60,   73,   52,   86,    0,   75,   30,    8,   51,   85,   36,   41,   33,   19,   85,   41,   11,   55,   92,   33,   59,   68,   17,   62,   54,   86,   63,   42,   85,   89,   26,   78,   14,   66,   24,   86,   41,   57,   65,   98,   64,   95,   20,   26,   38,   67,   71,   37,   23],
[33,   70,   57,   42,   41,   57,   75,    0,   45,   69,   51,   25,   53,   55,   43,   64,   62,   56,   69,   63,   32,   54,   77,   45,   74,   47,   54,   51,   27,   76,   59,   15,   50,   58,   75,   25,   68,   65,   63,   78,   36,   28,   18,   21,   57,   50,   70,   79,   54,   64,   56],
[13,   28,   46,   50,   31,   66,   30,   45,    0,   23,   35,   56,   24,   31,    3,   23,   67,   31,   24,   45,   64,   22,   55,   47,   32,   44,   39,   64,   36,   44,   65,   60,    7,   61,   31,   40,   28,   68,   35,   54,   41,   69,   36,   66,   13,    8,   38,   62,   54,   33,   14],
[36,   14,   59,   65,   49,   78,    8,   69,   23,    0,   43,   77,   35,   41,   26,   20,   77,   41,    4,   48,   84,   32,   53,   59,   22,   60,   46,   78,   55,   36,   76,   83,   21,   77,   11,   62,   17,   78,   42,   51,   61,   90,   59,   88,   16,   21,   31,   61,   70,   30,   15],
[33,   34,   79,   24,   62,   35,   51,   51,   35,   43,    0,   45,   59,   65,   33,   56,   34,   66,   40,   13,   50,   57,   26,   17,   62,   74,    4,   36,   25,   27,   33,   65,   41,   91,   41,   62,   30,   35,   70,   27,   68,   60,   54,   63,   45,   43,   23,   30,   85,   18,   29],
[45,   74,   80,   25,   63,   36,   85,   25,   56,   77,   45,    0,   72,   75,   53,   79,   42,   76,   76,   54,    8,   71,   68,   31,   88,   71,   46,   29,   22,   72,   38,   30,   63,   82,   80,   50,   71,   45,   82,   69,   59,   15,   41,   21,   69,   63,   68,   67,   78,   62,   62],
[29,   46,   24,   72,   17,   88,   36,   53,   24,   35,   59,   72,    0,    6,   26,   17,   90,    7,   38,   69,   80,    3,   79,   69,   25,   26,   63,   86,   55,   66,   88,   64,   19,   42,   46,   35,   48,   92,   11,   78,   30,   81,   37,   75,   20,   18,   60,   86,   35,   56,   36],
[34,   52,   18,   77,   16,   93,   41,   55,   31,   41,   65,   75,    6,    0,   32,   22,   96,    1,   44,   75,   83,    9,   86,   75,   29,   22,   69,   90,   60,   72,   93,   65,   25,   37,   52,   35,   54,   97,    7,   84,   28,   83,   38,   77,   26,   24,   66,   92,   30,   62,   42],
[10,   29,   48,   47,   32,   63,   33,   43,    3,   26,   33,   53,   26,   32,    0,   26,   64,   33,   26,   43,   61,   24,   54,   44,   35,   44,   37,   61,   33,   44,   62,   57,   10,   62,   33,   39,   29,   66,   38,   53,   41,   65,   34,   63,   16,   11,   37,   60,   55,   32,   15],
[34,   33,   40,   73,   34,   88,   19,   64,   23,   20,   56,   79,   17,   22,   26,    0,   89,   22,   24,   63,   87,   15,   71,   69,   10,   43,   59,   87,   59,   55,   87,   77,   16,   59,   31,   51,   36,   90,   22,   69,   47,   90,   50,   86,   11,   16,   50,   78,   52,   47,   27],
[61,   67,  107,   21,   89,    7,   85,   62,   67,   77,   34,   42,   90,   96,   64,   89,    0,   97,   74,   32,   41,   88,   39,   21,   96,  100,   31,   14,   39,   53,    4,   72,   74,  115,   74,   83,   63,    2,  102,   42,   91,   55,   74,   63,   78,   75,   52,   34,  109,   49,   63],
[35,   53,   18,   78,   16,   94,   41,   56,   31,   41,   66,   76,    7,    1,   33,   22,   97,    0,   44,   76,   84,   10,   86,   76,   29,   22,   70,   91,   61,   73,   94,   66,   26,   37,   52,   36,   55,   98,    6,   85,   29,   84,   39,   77,   26,   25,   67,   93,   30,   63,   43],
[36,   10,   62,   63,   51,   75,   11,   69,   24,    4,   40,   76,   38,   44,   26,   24,   74,   44,    0,   44,   83,   34,   49,   57,   26,   63,   43,   76,   54,   32,   74,   83,   22,   80,    8,   63,   13,   75,   45,   47,   63,   89,   59,   88,   18,   23,   28,   57,   72,   27,   14],
[45,   36,   91,   31,   74,   36,   55,   63,   45,   48,   13,   54,   69,   75,   43,   63,   32,   76,   44,    0,   58,   67,   14,   24,   69,   86,    9,   39,   37,   21,   33,   77,   50,  103,   43,   75,   32,   33,   80,   15,   80,   70,   66,   74,   53,   52,   20,   17,   96,   18,   36],
[52,   80,   88,   28,   71,   35,   92,   32,   64,   84,   50,    8,   80,   83,   61,   87,   41,   84,   83,   58,    0,   79,   71,   35,   96,   78,   51,   27,   29,   77,   37,   35,   71,   90,   87,   57,   77,   44,   90,   73,   67,   13,   49,   23,   77,   71,   73,   70,   85,   68,   69],
[28,   43,   28,   70,   19,   86,   33,   54,   22,   32,   57,   71,    3,    9,   24,   15,   88,   10,   34,   67,   79,    0,   76,   67,   23,   29,   61,   84,   54,   63,   86,   65,   16,   45,   42,   37,   45,   90,   13,   75,   33,   81,   38,   75,   17,   15,   57,   83,   38,   53,   33],
[58,   40,  102,   43,   86,   44,   59,   77,   55,   53,   26,   68,   79,   86,   54,   71,   39,   86,   49,   14,   71,   76,    0,   36,   75,   98,   23,   49,   51,   18,   41,   91,   60,  115,   46,   88,   36,   38,   89,    3,   93,   83,   80,   88,   61,   62,   22,    8,  108,   24,   44],
[40,   51,   86,    7,   68,   19,   68,   45,   47,   59,   17,   31,   69,   75,   44,   69,   21,   76,   57,   24,   35,   67,   36,    0,   77,   79,   17,   19,   19,   43,   19,   57,   53,   95,   59,   63,   48,   23,   81,   38,   71,   46,   54,   52,   58,   55,   40,   36,   89,   36,   45],
[44,   36,   46,   81,   42,   96,   17,   74,   32,   22,   62,   88,   25,   29,   35,   10,   96,   29,   26,   69,   96,   23,   75,   77,    0,   51,   66,   95,   68,   58,   95,   87,   26,   65,   31,   60,   39,   97,   26,   72,   56,  100,   60,   96,   20,   25,   53,   82,   59,   52,   33],
[41,   70,   10,   79,   13,   96,   62,   47,   44,   60,   74,   71,   26,   22,   44,   43,  100,   22,   63,   86,   78,   29,   98,   79,   51,    0,   79,   92,   61,   88,   97,   53,   41,   17,   71,   22,   71,  102,   26,   97,   12,   75,   30,   66,   44,   40,   81,  104,   10,   76,   58],
[38,   36,   84,   24,   66,   33,   54,   54,   39,   46,    4,   46,   63,   69,   37,   59,   31,   70,   43,    9,   51,   61,   23,   17,   66,   79,    0,   34,   28,   26,   31,   68,   45,   95,   43,   66,   32,   32,   74,   24,   72,   61,   58,   66,   48,   47,   23,   26,   89,   19,   32],
[56,   70,  100,   14,   82,    7,   86,   51,   64,   78,   36,   29,   86,   90,   61,   87,   14,   91,   76,   39,   27,   84,   49,   19,   95,   92,   34,    0,   31,   60,   10,   59,   71,  106,   77,   73,   66,   16,   97,   51,   82,   41,   64,   50,   76,   72,   58,   46,  101,   54,   63],
[26,   52,   69,   18,   51,   35,   63,   27,   36,   55,   25,   22,   55,   60,   33,   59,   39,   61,   54,   37,   29,   54,   51,   19,   68,   61,   28,   31,    0,   52,   36,   40,   43,   76,   58,   44,   49,   41,   66,   52,   52,   36,   35,   38,   49,   44,   47,   53,   70,   41,   40],
[50,   22,   90,   50,   75,   56,   42,   76,   44,   36,   27,   72,   66,   72,   44,   55,   53,   73,   32,   21,   77,   63,   18,   43,   58,   88,   26,   60,   52,    0,   54,   90,   47,  105,   28,   81,   19,   53,   75,   15,   84,   87,   74,   90,   47,   49,    6,   26,   98,   12,   31],
[59,   67,  104,   18,   86,    3,   85,   59,   65,   76,   33,   38,   88,   93,   62,   87,    4,   94,   74,   33,   37,   86,   41,   19,   95,   97,   31,   10,   36,   54,    0,   68,   72,  112,   74,   79,   63,    6,   99,   44,   88,   50,   70,   59,   76,   73,   53,   37,  106,   50,   62],
[47,   85,   63,   52,   50,   66,   89,   15,   60,   83,   65,   30,   64,   65,   57,   77,   72,   66,   83,   77,   35,   65,   91,   57,   87,   53,   68,   59,   40,   90,   68,    0,   64,   59,   89,   31,   83,   74,   72,   92,   41,   25,   27,   15,   70,   64,   85,   93,   57,   79,   71],
[18,   29,   43,   57,   29,   73,   26,   50,    7,   21,   41,   63,   19,   25,   10,   16,   74,   26,   22,   50,   71,   16,   60,   53,   26,   41,   45,   71,   43,   47,   72,   64,    0,   59,   30,   41,   30,   75,   29,   59,   41,   74,   38,   71,    6,    1,   41,   67,   52,   37,   17],
[58,   87,   19,   94,   30,  111,   78,   58,   61,   77,   91,   82,   42,   37,   62,   59,  115,   37,   80,  103,   90,   45,  115,   95,   65,   17,   95,  106,   76,  105,  112,   59,   59,    0,   88,   33,   89,  117,   39,  115,   24,   84,   42,   74,   61,   58,   99,  121,    7,   94,   75],
[43,    7,   70,   65,   59,   76,   14,   75,   31,   11,   41,   80,   46,   52,   33,   31,   74,   52,    8,   43,   87,   42,   46,   59,   31,   71,   43,   77,   58,   28,   74,   89,   30,   88,    0,   71,   11,   75,   52,   43,   71,   94,   67,   94,   26,   31,   24,   54,   80,   25,   19],
[31,   68,   32,   62,   19,   78,   66,   25,   40,   62,   62,   50,   35,   35,   39,   51,   83,   36,   63,   75,   57,   37,   88,   63,   60,   22,   66,   73,   44,   81,   79,   31,   41,   33,   71,    0,   68,   85,   42,   88,   10,   53,    9,   44,   47,   41,   75,   92,   28,   69,   54],
[37,    4,   72,   54,   59,   65,   24,   68,   28,   17,   30,   71,   48,   54,   29,   36,   63,   55,   13,   32,   77,   45,   36,   48,   39,   71,   32,   66,   49,   19,   63,   83,   30,   89,   11,   68,    0,   64,   56,   34,   70,   85,   63,   86,   28,   31,   14,   44,   81,   14,   14],
[63,   68,  109,   23,   91,    9,   86,   65,   68,   78,   35,   45,   92,   97,   66,   90,    2,   98,   75,   33,   44,   90,   38,   23,   97,  102,   32,   16,   41,   53,    6,   74,   75,  117,   75,   85,   64,    0,  103,   41,   93,   57,   76,   66,   79,   76,   52,   33,  111,   50,   64],
[41,   54,   20,   83,   22,   99,   41,   63,   35,   42,   70,   82,   11,    7,   38,   22,  102,    6,   45,   80,   90,   13,   89,   81,   26,   26,   74,   97,   66,   75,   99,   72,   29,   39,   52,   42,   56,  103,    0,   88,   35,   90,   45,   84,   28,   28,   69,   96,   33,   66,   45],
[57,   37,  101,   45,   85,   47,   57,   78,   54,   51,   27,   69,   78,   84,   53,   69,   42,   85,   47,   15,   73,   75,    3,   38,   72,   97,   24,   51,   52,   15,   44,   92,   59,  115,   43,   88,   34,   41,   88,    0,   93,   84,   80,   89,   60,   60,   19,   11,  108,   22,   42],
[35,   69,   22,   70,   13,   87,   65,   36,   41,   61,   68,   59,   30,   28,   41,   47,   91,   29,   63,   80,   67,   33,   93,   71,   56,   12,   72,   82,   52,   84,   88,   41,   41,   24,   71,   10,   70,   93,   35,   93,    0,   63,   18,   54,   45,   40,   78,   98,   19,   73,   56],
[56,   88,   85,   40,   70,   48,   98,   28,   69,   90,   60,   15,   81,   83,   65,   90,   55,   84,   89,   70,   13,   81,   83,   46,  100,   75,   61,   41,   36,   87,   50,   25,   74,   84,   94,   53,   85,   57,   90,   84,   63,    0,   46,   11,   81,   75,   83,   82,   81,   77,   76],
[25,   63,   39,   52,   24,   69,   64,   18,   36,   59,   54,   41,   37,   38,   34,   50,   74,   39,   59,   66,   49,   38,   80,   54,   60,   30,   58,   64,   35,   74,   70,   27,   38,   42,   67,    9,   63,   76,   45,   80,   18,   46,    0,   39,   44,   38,   68,   84,   37,   62,   49],
[53,   88,   76,   46,   62,   57,   95,   21,   66,   88,   63,   21,   75,   77,   63,   86,   63,   77,   88,   74,   23,   75,   88,   52,   96,   66,   66,   50,   38,   90,   59,   15,   71,   74,   94,   44,   86,   66,   84,   89,   54,   11,   39,    0,   77,   71,   85,   88,   71,   79,   75],
[25,   26,   44,   62,   33,   77,   20,   57,   13,   16,   45,   69,   20,   26,   16,   11,   78,   26,   18,   53,   77,   17,   61,   58,   20,   44,   48,   76,   49,   47,   76,   70,    6,   61,   26,   47,   28,   79,   28,   60,   45,   81,   44,   77,    0,    6,   41,   68,   54,   38,   17],
[19,   30,   41,   58,   28,   74,   26,   50,    8,   21,   43,   63,   18,   24,   11,   16,   75,   25,   23,   52,   71,   15,   62,   55,   25,   40,   47,   72,   44,   49,   73,   64,    1,   58,   31,   41,   31,   76,   28,   60,   40,   75,   38,   71,    6,    0,   42,   68,   50,   38,   18],
[44,   18,   84,   47,   69,   55,   38,   70,   38,   31,   23,   68,   60,   66,   37,   50,   52,   67,   28,   20,   73,   57,   22,   40,   53,   81,   23,   58,   47,    6,   53,   85,   41,   99,   24,   75,   14,   52,   69,   19,   78,   83,   68,   85,   41,   42,    0,   29,   92,    6,   24],
[63,   47,  108,   42,   91,   40,   67,   79,   62,   61,   30,   67,   86,   92,   60,   78,   34,   93,   57,   17,   70,   83,    8,   36,   82,  104,   26,   46,   53,   26,   37,   93,   67,  121,   54,   92,   44,   33,   96,   11,   98,   82,   84,   88,   68,   68,   29,    0,  114,   31,   51],
[51,   80,   13,   88,   23,  105,   71,   54,   54,   70,   85,   78,   35,   30,   55,   52,  109,   30,   72,   96,   85,   38,  108,   89,   59,   10,   89,  101,   70,   98,  106,   57,   52,    7,   80,   28,   81,  111,   33,  108,   19,   81,   37,   71,   54,   50,   92,  114,    0,   87,   68],
[38,   18,   79,   43,   64,   52,   37,   64,   33,   30,   18,   62,   56,   62,   32,   47,   49,   63,   27,   18,   68,   53,   24,   36,   52,   76,   19,   54,   41,   12,   50,   79,   37,   94,   25,   69,   14,   50,   66,   22,   73,   77,   62,   79,   38,   38,    6,   31,   87,    0,   21],
[24,   14,   59,   50,   45,   63,   23,   56,   14,   15,   29,   62,   36,   42,   15,   27,   63,   43,   14,   36,   69,   33,   44,   45,   33,   58,   32,   63,   40,   31,   62,   71,   17,   75,   19,   54,   14,   64,   45,   42,   56,   76,   49,   75,   17,   18,   24,   51,   68,   21,    0]];