//numero de Clientes
80
//Capacidade dos veiculos
140

//Coordenada do Deposito 
49, 55

//Coordenadas dos Clientes 
26, 27
75, 78
33, 89
71, 45
38, 66
70, 45
66, 4
57, 96
65, 46
99, 58
10, 5
15, 92
4, 76
94, 54
45, 10
44, 84
97, 19
46, 76
74, 94
17, 80
29, 36
71, 19
100, 75
8, 83
91, 15
13, 56
72, 21
55, 78
32, 98
39, 25
24, 55
48, 70
54, 77
16, 95
23, 65
99, 83
23, 77
89, 55
40, 7
91, 49
20, 77
26, 20
13, 87
27, 63
93, 51
82, 69
80, 87
13, 31
16, 74
52, 71
42, 5
34, 68
54, 22
45, 2
89, 1
100, 64
8, 93
3, 34
41, 47
53, 47
91, 9
99, 29
34, 91
10, 47
87, 63
35, 68
86, 7
89, 91
60, 31
73, 93
69, 63
90, 49
97, 29
33, 26
13, 84
56, 4
42, 72
61, 12
14, 6
33, 28

//Demanda dos Clientes:
q = [8, 22, 10, 20, 5, 25, 32, 37, 29, 22, 15, 35, 27, 12, 7, 20, 23, 1, 16, 33, 10, 29, 26, 1, 37, 34, 10, 10, 20, 16, 28, 9, 5, 39, 30, 12, 12, 15, 29, 13, 22, 11, 33, 40, 8, 38, 33, 8, 17, 5, 24, 38, 28, 28, 35, 26, 38, 19, 25, 25, 38, 40, 6, 16, 26, 32, 24, 39, 11, 25, 11, 13, 31, 11, 7, 5, 1, 13, 13, 12];

d = [   [0,   36,   35,   38,   24,   16,   23,   54,   42,   18,   50,   63,   50,   50,   45,   45,   29,   60,   21,   46,   41,   28,   42,   55,   50,   58,   36,   41,   24,   46,   32,   25,   15,   23,   52,   28,   57,   34,   40,   49,   42,   36,   42,   48,   23,   44,   36,   45,   43,   38,   16,   50,   20,   33,   53,   67,   52,   56,   51,   11,    9,   62,   56,   39,   40,   39,   19,   61,   54,   26,   45,   22,   41,   55,   33,   46,   51,   18,   45,   60,   31],
[36,    0,   71,   62,   48,   41,   48,   46,   76,   43,   79,   27,   66,   54,   73,   25,   60,   71,   53,   82,   54,    9,   46,   88,   59,   66,   32,   46,   59,   71,   13,   28,   48,   57,   69,   38,   92,   50,   69,   24,   69,   50,    7,   61,   36,   71,   70,   81,   14,   48,   51,   27,   42,   28,   31,   68,   83,   68,   24,   25,   34,   67,   73,   64,   26,   71,   42,   63,   90,   34,   81,   56,   68,   71,    7,   58,   38,   48,   38,   24,    7],
[35,   71,    0,   43,   33,   39,   33,   75,   25,   34,   31,   98,   62,   71,   31,   74,   32,   63,   29,   16,   58,   62,   59,   25,   67,   65,   66,   57,   20,   47,   64,   56,   28,   21,   61,   54,   25,   52,   27,   79,   33,   55,   76,   63,   50,   32,   11,   10,   78,   59,   24,   80,   42,   60,   82,   78,   29,   69,   84,   46,   38,   71,   55,   43,   72,   19,   41,   72,   19,   49,   15,   16,   33,   54,   67,   62,   76,   34,   67,   94,   65],
[38,   62,   43,    0,   58,   24,   57,   91,   25,   54,   73,   87,   18,   32,   70,   80,   12,   95,   18,   41,   18,   53,   80,   68,   26,   94,   39,   78,   25,    9,   64,   35,   24,   24,   18,   26,   66,   16,   66,   82,   70,   18,   69,   20,   27,   71,   53,   47,   61,   23,   26,   84,   21,   70,   88,  104,   72,   25,   63,   43,   47,   99,   89,    2,   48,   60,   21,   98,   56,   64,   40,   44,   70,   88,   63,   21,   88,   19,   82,   85,   61],
[24,   48,   33,   58,    0,   39,    1,   41,   53,    6,   31,   73,   73,   74,   25,   44,   47,   37,   40,   49,   64,   43,   26,   42,   74,   36,   59,   24,   37,   66,   38,   48,   34,   36,   74,   52,   47,   58,   21,   49,   20,   60,   51,   72,   48,   23,   26,   43,   60,   62,   32,   49,   44,   29,   50,   48,   35,   79,   69,   30,   18,   41,   32,   59,   61,   24,   43,   41,   49,   18,   48,   18,   19,   31,   42,   70,   44,   40,   34,   69,   42],
[16,   41,   39,   24,   39,    0,   38,   68,   36,   34,   62,   67,   35,   35,   57,   56,   19,   75,   13,   46,   25,   31,   57,   63,   34,   74,   27,   56,   21,   33,   41,   18,   11,   19,   36,   15,   63,   19,   52,   59,   56,   21,   48,   33,   11,   57,   44,   47,   43,   23,   15,   61,    4,   47,   64,   83,   62,   40,   47,   19,   24,   78,   71,   25,   34,   49,    4,   76,   57,   41,   44,   31,   55,   70,   40,   31,   65,    7,   59,   65,   38],
[23,   48,   33,   57,    1,   38,    0,   41,   53,    5,   32,   72,   72,   73,   26,   43,   47,   37,   39,   49,   64,   42,   26,   42,   73,   37,   58,   24,   36,   65,   37,   47,   33,   36,   74,   51,   48,   57,   21,   48,   21,   59,   51,   71,   47,   24,   27,   43,   59,   61,   32,   49,   43,   28,   50,   48,   36,   78,   68,   29,   17,   42,   33,   58,   60,   25,   42,   41,   50,   17,   48,   18,   20,   31,   42,   69,   43,   39,   34,   68,   41],
[54,   46,   75,   91,   41,   68,   41,    0,   92,   42,   63,   56,  102,   95,   57,   22,   83,   34,   75,   90,   90,   49,   16,   79,   98,   27,   74,   18,   75,  100,   34,   66,   68,   74,  104,   75,   86,   85,   56,   26,   51,   86,   43,   98,   71,   54,   67,   84,   59,   86,   68,   24,   72,   22,   21,   23,   69,  106,   70,   50,   45,   25,   41,   93,   71,   63,   71,   20,   90,   28,   89,   59,   51,   40,   40,   96,   10,   72,    9,   52,   41],
[42,   76,   25,   25,   53,   36,   53,   92,    0,   51,   57,  102,   42,   57,   56,   87,   18,   87,   23,   17,   43,   66,   78,   48,   51,   88,   59,   76,   18,   25,   73,   53,   28,   19,   41,   46,   44,   39,   52,   91,   58,   42,   82,   45,   45,   58,   37,   25,   78,   47,   25,   92,   36,   74,   95,  100,   54,   49,   82,   52,   49,   93,   79,   24,   68,   45,   36,   94,   32,   65,   16,   35,   57,   78,   74,   46,   92,   28,   84,  100,   72],
[18,   43,   34,   54,    6,   34,    5,   42,   51,    0,   36,   69,   68,   68,   30,   41,   43,   42,   36,   49,   59,   37,   28,   45,   68,   40,   53,   26,   34,   62,   33,   42,   29,   33,   69,   46,   50,   52,   26,   46,   26,   55,   47,   66,   42,   28,   29,   44,   54,   56,   28,   47,   38,   26,   48,   51,   39,   74,   63,   24,   12,   45,   38,   55,   55,   28,   37,   44,   51,   16,   48,   17,   25,   36,   38,   64,   43,   35,   34,   65,   37],
[50,   79,   31,   73,   31,   62,   32,   63,   57,   36,    0,  104,   91,   97,    6,   72,   61,   39,   56,   44,   85,   73,   48,   17,   94,   44,   86,   46,   48,   78,   68,   75,   52,   49,   91,   76,   25,   78,   10,   78,   12,   81,   82,   91,   72,    9,   20,   35,   90,   85,   49,   78,   66,   58,   78,   58,    6,   97,   99,   59,   47,   50,   29,   73,   90,   13,   65,   53,   34,   47,   44,   30,   13,   29,   73,   90,   69,   59,   60,  100,   72],
[63,   27,   98,   87,   73,   67,   72,   56,  102,   69,  104,    0,   87,   71,   97,   35,   86,   88,   80,  110,   75,   36,   63,  114,   78,   82,   51,   64,   86,   96,   35,   52,   75,   84,   90,   61,  118,   73,   93,   30,   92,   73,   22,   82,   60,   95,   96,  108,   26,   69,   78,   32,   67,   47,   35,   79,  108,   88,   30,   52,   60,   81,   92,   89,   42,   96,   68,   76,  117,   56,  108,   83,   91,   90,   31,   79,   46,   74,   51,    4,   33],
[50,   66,   62,   18,   73,   35,   72,  102,   42,   68,   91,   87,    0,   19,   88,   87,   30,  110,   35,   59,   12,   58,   92,   87,   11,  108,   36,   91,   42,   18,   71,   38,   40,   42,    3,   28,   84,   17,   83,   89,   87,   16,   73,    5,   31,   88,   71,   65,   61,   18,   43,   91,   31,   80,   95,  117,   89,    7,   59,   52,   59,  113,  105,   19,   45,   78,   31,  111,   74,   76,   58,   61,   86,  103,   68,    8,   97,   34,   92,   86,   66],
[50,   54,   71,   32,   74,   35,   73,   95,   57,   68,   97,   71,   19,    0,   93,   78,   41,  109,   42,   72,   14,   47,   88,   96,    8,  106,   22,   87,   51,   36,   62,   29,   44,   50,   22,   22,   95,   19,   88,   78,   91,   16,   60,   14,   26,   92,   78,   77,   46,   12,   48,   81,   31,   74,   85,  113,   97,   17,   42,   47,   57,  110,  106,   34,   30,   84,   32,  107,   86,   72,   71,   66,   90,  104,   58,   12,   89,   38,   86,   71,   56],
[45,   73,   31,   70,   25,   57,   26,   57,   56,   30,    6,   97,   88,   93,    0,   66,   58,   35,   53,   45,   81,   67,   42,   22,   91,   39,   81,   40,   46,   76,   62,   70,   49,   46,   88,   72,   29,   75,    5,   72,    6,   77,   76,   87,   68,    3,   19,   36,   84,   81,   45,   71,   62,   51,   71,   53,   12,   94,   93,   53,   42,   45,   25,   70,   84,   11,   61,   48,   37,   41,   44,   27,    6,   25,   67,   86,   63,   55,   53,   93,   66],
[45,   25,   74,   80,   44,   56,   43,   22,   87,   41,   72,   35,   87,   78,   66,    0,   74,   53,   66,   89,   75,   31,   28,   85,   82,   46,   56,   29,   69,   89,   16,   50,   60,   68,   90,   59,   91,   71,   63,    6,   60,   72,   21,   83,   56,   63,   70,   85,   38,   70,   61,    6,   59,   15,    8,   45,   77,   91,   48,   37,   38,   46,   57,   82,   51,   68,   59,   41,   92,   26,   88,   58,   60,   55,   20,   81,   13,   62,   16,   31,   22],
[29,   60,   32,   12,   47,   19,   47,   83,   18,   43,   61,   86,   30,   41,   58,   74,    0,   84,    8,   32,   27,   50,   70,   57,   36,   83,   42,   69,   13,   18,   59,   35,   15,   12,   30,   28,   55,   22,   54,   77,   59,   25,   66,   31,   27,   59,   41,   36,   61,   30,   15,   79,   19,   63,   82,   94,   59,   37,   65,   37,   38,   89,   78,   12,   50,   48,   18,   88,   46,   55,   30,   33,   58,   76,   59,   31,   81,   12,   74,   84,   57],
[60,   71,   63,   95,   37,   75,   37,   34,   87,   42,   39,   88,  110,  109,   35,   53,   84,    0,   76,   78,  101,   70,   26,   56,  110,    7,   92,   25,   72,  102,   58,   81,   71,   72,  111,   87,   64,   94,   37,   58,   31,   96,   71,  108,   83,   32,   52,   70,   85,   98,   69,   57,   80,   43,   55,   20,   45,  116,   95,   63,   52,   12,   10,   96,   91,   45,   79,   16,   72,   39,   78,   52,   31,   10,   64,  106,   44,   76,   37,   84,   65],
[21,   53,   29,   18,   40,   13,   39,   75,   23,   36,   56,   80,   35,   42,   53,   66,    8,   76,    0,   33,   29,   43,   62,   54,   39,   76,   39,   61,    9,   26,   51,   30,    6,    8,   36,   25,   53,   23,   48,   69,   52,   26,   59,   35,   23,   53,   37,   36,   56,   30,    8,   71,   14,   55,   74,   86,   55,   42,   60,   29,   30,   81,   71,   19,   46,   43,   14,   80,   46,   47,   32,   26,   52,   69,   52,   34,   73,    6,   66,   77,   50],
[46,   82,   16,   41,   49,   46,   49,   90,   17,   49,   44,  110,   59,   72,   45,   89,   32,   78,   33,    0,   59,   73,   75,   32,   67,   81,   72,   73,   25,   42,   77,   63,   35,   26,   58,   59,   27,   54,   42,   93,   48,   57,   88,   61,   56,   47,   26,    9,   88,   61,   32,   95,   48,   75,   96,   94,   40,   66,   93,   57,   51,   87,   70,   40,   79,   34,   47,   88,   15,   65,    1,   31,   48,   69,   79,   62,   92,   39,   83,  107,   78],
[41,   54,   58,   18,   64,   25,   64,   90,   43,   59,   85,   75,   12,   14,   81,   75,   27,  101,   29,   59,    0,   46,   81,   83,    9,   98,   24,   81,   38,   23,   59,   26,   33,   37,   15,   16,   82,    7,   76,   77,   80,    4,   61,    8,   20,   81,   66,   63,   49,    6,   36,   79,   21,   69,   83,  107,   85,   16,   48,   41,   49,  103,   97,   20,   34,   72,   22,  100,   73,   65,   57,   55,   79,   95,   56,    6,   85,   26,   81,   74,   54],
[28,    9,   62,   53,   43,   31,   42,   49,   66,   37,   73,   36,   58,   47,   67,   31,   50,   70,   43,   73,   46,    0,   45,   81,   51,   65,   26,   46,   49,   62,   15,   20,   39,   48,   60,   30,   84,   41,   63,   31,   63,   42,   16,   53,   27,   66,   62,   72,   17,   40,   42,   34,   32,   29,   38,   69,   76,   61,   26,   16,   26,   68,   70,   55,   22,   64,   33,   64,   81,   31,   72,   48,   62,   68,   11,   51,   42,   38,   40,   34,    9],
[42,   46,   59,   80,   26,   57,   26,   16,   78,   28,   48,   63,   92,   88,   42,   28,   70,   26,   62,   75,   81,   45,    0,   63,   90,   20,   69,    2,   61,   88,   33,   59,   56,   60,   94,   66,   70,   75,   40,   33,   36,   77,   45,   89,   62,   39,   51,   69,   59,   78,   55,   32,   61,   17,   31,   25,   54,   97,   70,   41,   33,   22,   30,   81,   67,   47,   61,   19,   74,   16,   74,   44,   36,   28,   39,   87,   21,   60,   12,   58,   39],
[55,   88,   25,   68,   42,   63,   42,   79,   48,   45,   17,  114,   87,   96,   22,   85,   57,   56,   54,   32,   83,   81,   63,    0,   92,   61,   89,   61,   45,   72,   79,   79,   52,   46,   86,   78,    8,   77,   23,   91,   28,   80,   92,   88,   74,   25,   19,   23,   97,   84,   48,   91,   66,   70,   91,   75,   11,   94,  105,   65,   55,   67,   46,   68,   94,   18,   65,   69,   19,   59,   32,   33,   28,   46,   83,   87,   84,   58,   74,  110,   82],
[50,   59,   67,   26,   74,   34,   73,   98,   51,   68,   94,   78,   11,    8,   91,   82,   36,  110,   39,   67,    9,   51,   90,   92,    0,  107,   27,   89,   47,   28,   66,   32,   42,   46,   14,   23,   91,   16,   86,   82,   90,   13,   66,    6,   28,   91,   75,   72,   52,   12,   46,   85,   30,   76,   89,  115,   94,   10,   49,   49,   58,  111,  106,   27,   36,   81,   31,  109,   81,   74,   66,   64,   89,  104,   62,    5,   92,   36,   89,   77,   60],
[58,   66,   65,   94,   36,   74,   37,   27,   88,   40,   44,   82,  108,  106,   39,   46,   83,    7,   76,   81,   98,   65,   20,   61,  107,    0,   88,   20,   73,  102,   53,   78,   70,   72,  110,   84,   68,   92,   40,   52,   34,   94,   65,  106,   80,   36,   55,   73,   80,   95,   68,   50,   78,   38,   48,   14,   50,  114,   90,   59,   50,    6,   16,   95,   87,   48,   77,    9,   76,   35,   80,   53,   34,   15,   59,  104,   37,   75,   30,   78,   59],
[36,   32,   66,   39,   59,   27,   58,   74,   59,   53,   86,   51,   36,   22,   81,   56,   42,   92,   39,   72,   24,   26,   69,   89,   27,   88,    0,   69,   47,   46,   40,   11,   38,   46,   39,   13,   90,   23,   76,   56,   78,   22,   38,   31,   16,   80,   70,   74,   25,   18,   42,   59,   24,   53,   63,   94,   87,   37,   24,   29,   41,   91,   90,   41,    9,   74,   25,   88,   84,   53,   70,   56,   77,   88,   36,   28,   67,   33,   65,   50,   34],
[41,   46,   57,   78,   24,   56,   24,   18,   76,   26,   46,   64,   91,   87,   40,   29,   69,   25,   61,   73,   81,   46,    2,   61,   89,   20,   69,    0,   59,   87,   33,   59,   55,   59,   93,   66,   68,   74,   38,   35,   34,   76,   46,   89,   62,   37,   49,   66,   60,   77,   54,   34,   60,   18,   33,   26,   51,   96,   70,   40,   32,   22,   28,   80,   67,   45,   60,   20,   72,   16,   72,   42,   33,   26,   39,   86,   23,   59,   14,   60,   40],
[24,   59,   20,   25,   37,   21,   36,   75,   18,   34,   48,   86,   42,   51,   46,   69,   13,   72,    9,   25,   38,   49,   61,   45,   47,   73,   47,   59,    0,   30,   55,   39,   11,    1,   43,   35,   44,   32,   41,   73,   46,   35,   65,   43,   32,   47,   28,   27,   63,   39,    8,   74,   23,   56,   77,   84,   47,   49,   68,   34,   31,   78,   66,   25,   55,   35,   22,   77,   36,   47,   23,   21,   45,   65,   56,   42,   74,   14,   66,   83,   55],
[46,   71,   47,    9,   66,   33,   65,  100,   25,   62,   78,   96,   18,   36,   76,   89,   18,  102,   26,   42,   23,   62,   88,   72,   28,  102,   46,   87,   30,    0,   73,   44,   32,   30,   16,   34,   69,   23,   71,   91,   77,   24,   78,   22,   35,   77,   58,   49,   70,   29,   34,   94,   30,   79,   97,  113,   76,   25,   70,   52,   55,  107,   96,    7,   56,   65,   30,  106,   57,   73,   41,   51,   76,   95,   72,   24,   97,   28,   91,   94,   70],
[32,   13,   64,   64,   38,   41,   37,   34,   73,   33,   68,   35,   71,   62,   62,   16,   59,   58,   51,   77,   59,   15,   33,   79,   66,   53,   40,   33,   55,   73,    0,   34,   46,   54,   74,   43,   83,   54,   58,   18,   57,   55,   14,   67,   40,   60,   62,   74,   27,   54,   48,   20,   43,   15,   24,   55,   72,   75,   37,   22,   26,   54,   60,   66,   36,   61,   43,   50,   83,   22,   76,   48,   56,   58,    6,   64,   27,   47,   26,   31,    7],
[25,   28,   56,   35,   48,   18,   47,   66,   53,   42,   75,   52,   38,   29,   70,   50,   35,   81,   30,   63,   26,   20,   59,   79,   32,   78,   11,   59,   39,   44,   34,    0,   28,   37,   41,   10,   80,   22,   65,   51,   67,   22,   35,   34,    9,   69,   60,   64,   26,   21,   32,   53,   16,   45,   57,   85,   77,   41,   30,   19,   30,   81,   79,   37,   16,   64,   17,   78,   74,   43,   62,   46,   66,   77,   30,   31,   60,   25,   57,   50,   28],
[15,   48,   28,   24,   34,   11,   33,   68,   28,   29,   52,   75,   40,   44,   49,   60,   15,   71,    6,   35,   33,   39,   56,   52,   42,   70,   38,   55,   11,   32,   46,   28,    0,    9,   41,   25,   53,   26,   44,   64,   48,   29,   55,   39,   22,   49,   34,   36,   52,   32,    4,   65,   14,   48,   68,   80,   52,   46,   58,   24,   24,   75,   65,   25,   44,   40,   13,   74,   46,   41,   34,   22,   47,   64,   46,   38,   66,    6,   59,   72,   45],
[23,   57,   21,   24,   36,   19,   36,   74,   19,   33,   49,   84,   42,   50,   46,   68,   12,   72,    8,   26,   37,   48,   60,   46,   46,   72,   46,   59,    1,   30,   54,   37,    9,    0,   42,   33,   45,   31,   41,   71,   46,   34,   64,   42,   30,   47,   29,   28,   62,   38,    6,   73,   22,   55,   76,   84,   48,   49,   67,   33,   30,   77,   66,   24,   53,   36,   21,   77,   38,   46,   25,   21,   46,   64,   55,   42,   73,   13,   65,   81,   53],
[52,   69,   61,   18,   74,   36,   74,  104,   41,   69,   91,   90,    3,   22,   88,   90,   30,  111,   36,   58,   15,   60,   94,   86,   14,  110,   39,   93,   43,   16,   74,   41,   41,   42,    0,   31,   84,   19,   83,   91,   88,   18,   76,    9,   34,   89,   71,   64,   64,   21,   43,   94,   32,   82,   97,  119,   90,    8,   62,   54,   61,  114,  106,   18,   48,   78,   33,  112,   73,   78,   57,   62,   87,  104,   71,   11,   99,   35,   94,   89,   69],
[28,   38,   54,   26,   52,   15,   51,   75,   46,   46,   76,   61,   28,   22,   72,   59,   28,   87,   25,   59,   16,   30,   66,   78,   23,   84,   13,   66,   35,   34,   43,   10,   25,   33,   31,    0,   78,   12,   67,   60,   70,   12,   45,   24,    4,   71,   59,   61,   35,   11,   30,   63,   11,   53,   67,   92,   77,   32,   37,   25,   35,   88,   84,   28,   22,   64,   12,   86,   71,   50,   57,   46,   69,   82,   40,   21,   69,   20,   65,   60,   38],
[57,   92,   25,   66,   47,   63,   48,   86,   44,   50,   25,  118,   84,   95,   29,   91,   55,   64,   53,   27,   82,   84,   70,    8,   91,   68,   90,   68,   44,   69,   83,   80,   53,   45,   84,   78,    0,   76,   30,   96,   35,   79,   96,   86,   75,   33,   22,   19,  100,   83,   49,   97,   67,   76,   97,   83,   19,   92,  108,   68,   58,   74,   54,   65,   96,   23,   66,   77,   13,   65,   28,   36,   35,   54,   87,   86,   90,   58,   81,  115,   86],
[34,   50,   52,   16,   58,   19,   57,   85,   39,   52,   78,   73,   17,   19,   75,   71,   22,   94,   23,   54,    7,   41,   75,   77,   16,   92,   23,   74,   32,   23,   54,   22,   26,   31,   19,   12,   76,    0,   70,   72,   74,    3,   57,   14,   15,   75,   60,   58,   47,    8,   30,   74,   14,   63,   78,  101,   78,   22,   47,   35,   42,   96,   90,   18,   33,   66,   15,   94,   67,   59,   52,   48,   73,   88,   52,   12,   80,   20,   75,   72,   50],
[40,   69,   27,   66,   21,   52,   21,   56,   52,   26,   10,   93,   83,   88,    5,   63,   54,   37,   48,   42,   76,   63,   40,   23,   86,   40,   76,   38,   41,   71,   58,   65,   44,   41,   83,   67,   30,   70,    0,   69,    6,   72,   72,   82,   63,    6,   16,   33,   80,   75,   40,   69,   57,   48,   69,   54,   14,   89,   89,   49,   37,   46,   28,   66,   79,    8,   56,   48,   36,   38,   41,   22,    6,   27,   63,   81,   61,   50,   51,   90,   62],
[49,   24,   79,   82,   49,   59,   48,   26,   91,   46,   78,   30,   89,   78,   72,    6,   77,   58,   69,   93,   77,   31,   33,   91,   82,   52,   56,   35,   73,   91,   18,   51,   64,   71,   91,   60,   96,   72,   69,    0,   66,   73,   19,   84,   57,   69,   75,   89,   36,   71,   65,    3,   61,   21,    7,   49,   83,   92,   46,   40,   42,   51,   63,   84,   50,   73,   61,   46,   97,   31,   92,   63,   65,   61,   20,   82,   16,   65,   22,   26,   22],
[42,   69,   33,   70,   20,   56,   21,   51,   58,   26,   12,   92,   87,   91,    6,   60,   59,   31,   52,   48,   80,   63,   36,   28,   90,   34,   78,   34,   46,   77,   57,   67,   48,   46,   88,   70,   35,   74,    6,   66,    0,   76,   71,   87,   66,    3,   22,   40,   80,   79,   45,   66,   60,   46,   66,   48,   17,   94,   89,   50,   38,   40,   22,   71,   81,   15,   59,   42,   42,   36,   48,   26,    1,   21,   62,   85,   57,   54,   48,   88,   62],
[36,   50,   55,   18,   60,   21,   59,   86,   42,   55,   81,   73,   16,   16,   77,   72,   25,   96,   26,   57,    4,   42,   77,   80,   13,   94,   22,   76,   35,   24,   55,   22,   29,   34,   18,   12,   79,    3,   72,   73,   76,    0,   57,   12,   16,   77,   63,   61,   47,    5,   33,   75,   17,   65,   79,  103,   81,   20,   46,   37,   45,   98,   92,   20,   32,   68,   17,   96,   70,   61,   55,   51,   75,   91,   53,   10,   81,   23,   77,   71,   51],
[42,    7,   76,   69,   51,   48,   51,   43,   82,   47,   82,   22,   73,   60,   76,   21,   66,   71,   59,   88,   61,   16,   45,   92,   66,   65,   38,   46,   65,   78,   14,   35,   55,   64,   76,   45,   96,   57,   72,   19,   71,   57,    0,   68,   43,   74,   74,   86,   17,   55,   57,   22,   49,   28,   26,   66,   86,   75,   27,   31,   38,   66,   74,   71,   31,   75,   49,   61,   95,   36,   87,   61,   70,   72,    9,   65,   34,   54,   36,   18,   11],
[48,   61,   63,   20,   72,   33,   71,   98,   45,   66,   91,   82,    5,   14,   87,   83,   31,  108,   35,   61,    8,   53,   89,   88,    6,  106,   31,   89,   43,   22,   67,   34,   39,   42,    9,   24,   86,   14,   82,   84,   87,   12,   68,    0,   28,   88,   71,   67,   56,   13,   42,   87,   28,   77,   91,  115,   90,    8,   54,   49,   57,  110,  104,   21,   40,   78,   29,  108,   76,   73,   60,   61,   86,  102,   64,    3,   93,   33,   89,   81,   62],
[23,   36,   50,   27,   48,   11,   47,   71,   45,   42,   72,   60,   31,   26,   68,   56,   27,   83,   23,   56,   20,   27,   62,   74,   28,   80,   16,   62,   32,   35,   40,    9,   22,   30,   34,    4,   75,   15,   63,   57,   66,   16,   43,   28,    0,   67,   55,   58,   35,   16,   26,   60,    9,   49,   64,   88,   73,   36,   38,   21,   31,   84,   80,   29,   23,   60,    9,   81,   68,   46,   55,   42,   65,   78,   37,   25,   66,   17,   61,   58,   36],
[44,   71,   32,   71,   23,   57,   24,   54,   58,   28,    9,   95,   88,   92,    3,   63,   59,   32,   53,   47,   81,   66,   39,   25,   91,   36,   80,   37,   47,   77,   60,   69,   49,   47,   89,   71,   33,   75,    6,   69,    3,   77,   74,   88,   67,    0,   21,   38,   82,   80,   46,   69,   61,   49,   69,   50,   15,   95,   92,   52,   40,   42,   23,   71,   83,   13,   60,   45,   40,   39,   47,   27,    4,   22,   65,   87,   60,   55,   50,   91,   64],
[36,   70,   11,   53,   26,   44,   27,   67,   37,   29,   20,   96,   71,   78,   19,   70,   41,   52,   37,   26,   66,   62,   51,   19,   75,   55,   70,   49,   28,   58,   62,   60,   34,   29,   71,   59,   22,   60,   16,   75,   22,   63,   74,   71,   55,   21,    0,   18,   79,   66,   30,   75,   48,   55,   77,   68,   19,   78,   86,   47,   36,   61,   43,   53,   75,    8,   47,   62,   23,   44,   26,   14,   22,   43,   65,   71,   70,   40,   61,   93,   64],
[45,   81,   10,   47,   43,   47,   43,   84,   25,   44,   35,  108,   65,   77,   36,   85,   36,   70,   36,    9,   63,   72,   69,   23,   72,   73,   74,   66,   27,   49,   74,   64,   36,   28,   64,   61,   19,   58,   33,   89,   40,   61,   86,   67,   58,   38,   18,    0,   87,   65,   32,   90,   50,   70,   92,   86,   30,   72,   93,   56,   48,   79,   61,   46,   81,   25,   49,   80,   10,   59,    9,   26,   39,   60,   77,   67,   86,   41,   77,  104,   75],
[43,   14,   78,   61,   60,   43,   59,   59,   78,   54,   90,   26,   61,   46,   84,   38,   61,   85,   56,   88,   49,   17,   59,   97,   52,   80,   25,   60,   63,   70,   27,   26,   52,   62,   64,   35,  100,   47,   80,   36,   80,   47,   17,   56,   35,   82,   79,   87,    0,   43,   56,   39,   43,   42,   43,   82,   93,   62,   10,   32,   43,   81,   86,   64,   16,   81,   43,   77,   97,   47,   86,   64,   79,   84,   21,   53,   51,   50,   52,   25,   20],
[38,   48,   59,   23,   62,   23,   61,   86,   47,   56,   85,   69,   18,   12,   81,   70,   30,   98,   30,   61,    6,   40,   78,   84,   12,   95,   18,   77,   39,   29,   54,   21,   32,   38,   21,   11,   83,    8,   75,   71,   79,    5,   55,   13,   16,   80,   66,   65,   43,    0,   36,   74,   19,   64,   78,  103,   85,   21,   42,   37,   46,   99,   94,   25,   28,   72,   20,   97,   75,   62,   60,   54,   78,   93,   51,   10,   81,   26,   77,   68,   49],
[16,   51,   24,   26,   32,   15,   32,   68,   25,   28,   49,   78,   43,   48,   45,   61,   15,   69,    8,   32,   36,   42,   55,   48,   46,   68,   42,   54,    8,   34,   48,   32,    4,    6,   43,   30,   49,   30,   40,   65,   45,   33,   57,   42,   26,   46,   30,   32,   56,   36,    0,   67,   18,   49,   69,   79,   49,   49,   61,   26,   24,   73,   63,   27,   48,   36,   17,   72,   42,   41,   30,   19,   44,   62,   49,   41,   67,   10,   60,   75,   47],
[50,   27,   80,   84,   49,   61,   49,   24,   92,   47,   78,   32,   91,   81,   71,    6,   79,   57,   71,   95,   79,   34,   32,   91,   85,   50,   59,   34,   74,   94,   20,   53,   65,   73,   94,   63,   97,   74,   69,    3,   66,   75,   22,   87,   60,   69,   75,   90,   39,   74,   67,    0,   64,   21,    4,   47,   83,   94,   49,   42,   43,   49,   62,   86,   53,   73,   63,   44,   98,   32,   93,   64,   65,   60,   23,   84,   14,   67,   20,   28,   25],
[20,   42,   42,   21,   44,    4,   43,   72,   36,   38,   66,   67,   31,   31,   62,   59,   19,   80,   14,   48,   21,   32,   61,   66,   30,   78,   24,   60,   23,   30,   43,   16,   14,   22,   32,   11,   67,   14,   57,   61,   60,   17,   49,   28,    9,   61,   48,   50,   43,   19,   18,   64,    0,   50,   67,   87,   66,   36,   46,   22,   28,   82,   76,   23,   32,   53,    1,   80,   60,   45,   46,   35,   59,   74,   42,   26,   68,    9,   62,   65,   40],
[33,   28,   60,   70,   29,   47,   28,   22,   74,   26,   58,   47,   80,   74,   51,   15,   63,   43,   55,   75,   69,   29,   17,   70,   76,   38,   53,   18,   56,   79,   15,   45,   48,   55,   82,   53,   76,   63,   48,   21,   46,   65,   28,   77,   49,   49,   55,   70,   42,   64,   49,   21,   50,    0,   22,   41,   62,   85,   52,   28,   25,   39,   46,   72,   51,   53,   50,   35,   77,   11,   73,   44,   45,   44,   21,   74,   18,   51,   12,   43,   22],
[53,   31,   82,   88,   50,   64,   50,   21,   95,   48,   78,   35,   95,   85,   71,    8,   82,   55,   74,   96,   83,   38,   31,   91,   89,   48,   63,   33,   77,   97,   24,   57,   68,   76,   97,   67,   97,   78,   69,    7,   66,   79,   26,   91,   64,   69,   77,   92,   43,   78,   69,    4,   67,   22,    0,   44,   83,   98,   53,   45,   46,   47,   60,   90,   57,   74,   67,   41,   99,   33,   95,   66,   65,   59,   27,   88,   11,   70,   19,   31,   29],
[67,   68,   78,  104,   48,   83,   48,   23,  100,   51,   58,   79,  117,  113,   53,   45,   94,   20,   86,   94,  107,   69,   25,   75,  115,   14,   94,   26,   84,  113,   55,   85,   80,   84,  119,   92,   83,  101,   54,   49,   48,  103,   66,  115,   88,   50,   68,   86,   82,  103,   79,   47,   87,   41,   44,    0,   64,  123,   92,   66,   58,    8,   30,  105,   91,   62,   86,    7,   90,   42,   93,   65,   48,   29,   61,  113,   33,   85,   30,   75,   62],
[52,   83,   29,   72,   35,   62,   36,   69,   54,   39,    6,  108,   89,   97,   12,   77,   59,   45,   55,   40,   85,   76,   54,   11,   94,   50,   87,   51,   47,   76,   72,   77,   52,   48,   90,   77,   19,   78,   14,   83,   17,   81,   86,   90,   73,   15,   19,   30,   93,   85,   49,   83,   66,   62,   83,   64,    0,   96,  102,   61,   50,   56,   35,   71,   92,   13,   65,   59,   29,   52,   40,   31,   18,   35,   77,   89,   74,   59,   65,  104,   76],
[56,   68,   69,   25,   79,   40,   78,  106,   49,   74,   97,   88,    7,   17,   94,   91,   37,  116,   42,   66,   16,   61,   97,   94,   10,  114,   37,   96,   49,   25,   75,   41,   46,   49,    8,   32,   92,   22,   89,   92,   94,   20,   75,    8,   36,   95,   78,   72,   62,   21,   49,   94,   36,   85,   98,  123,   96,    0,   59,   57,   64,  118,  111,   26,   46,   85,   37,  116,   81,   81,   65,   68,   93,  110,   72,   10,  101,   40,   97,   87,   70],
[51,   24,   84,   63,   69,   47,   68,   70,   82,   63,   99,   30,   59,   42,   93,   48,   65,   95,   60,   93,   48,   26,   70,  105,   49,   90,   24,   70,   68,   70,   37,   30,   58,   67,   62,   37,  108,   47,   89,   46,   89,   46,   27,   54,   38,   92,   86,   93,   10,   42,   61,   49,   46,   52,   53,   92,  102,   59,    0,   40,   52,   91,   96,   65,   15,   89,   47,   87,  103,   57,   92,   72,   88,   94,   31,   51,   61,   54,   62,   30,   31],
[11,   25,   46,   43,   30,   19,   29,   50,   52,   24,   59,   52,   52,   47,   53,   37,   37,   63,   29,   57,   41,   16,   41,   65,   49,   59,   29,   40,   34,   52,   22,   19,   24,   33,   54,   25,   68,   35,   49,   40,   50,   37,   31,   49,   21,   52,   47,   56,   32,   37,   26,   42,   22,   28,   45,   66,   61,   57,   40,    0,   12,   63,   61,   45,   31,   49,   22,   60,   65,   25,   56,   32,   49,   59,   22,   46,   46,   25,   40,   49,   21],
[9,   34,   38,   47,   18,   24,   17,   45,   49,   12,   47,   60,   59,   57,   42,   38,   38,   52,   30,   51,   49,   26,   33,   55,   58,   50,   41,   32,   31,   55,   26,   30,   24,   30,   61,   35,   58,   42,   37,   42,   38,   45,   38,   57,   31,   40,   36,   48,   43,   46,   24,   43,   28,   25,   46,   58,   50,   64,   52,   12,    0,   54,   49,   48,   43,   38,   28,   52,   57,   17,   50,   23,   37,   48,   29,   54,   43,   27,   36,   57,   28],
[62,   67,   71,   99,   41,   78,   42,   25,   93,   45,   50,   81,  113,  110,   45,   46,   89,   12,   81,   87,  103,   68,   22,   67,  111,    6,   91,   22,   78,  107,   54,   81,   75,   77,  114,   88,   74,   96,   46,   51,   40,   98,   66,  110,   84,   42,   61,   79,   81,   99,   73,   49,   82,   39,   47,    8,   56,  118,   91,   63,   54,    0,   22,  100,   89,   54,   81,    5,   82,   38,   86,   58,   40,   21,   60,  108,   35,   80,   30,   77,   61],
[56,   73,   55,   89,   32,   71,   33,   41,   79,   38,   29,   92,  105,  106,   25,   57,   78,   10,   71,   70,   97,   70,   30,   46,  106,   16,   90,   28,   66,   96,   60,   79,   65,   66,  106,   84,   54,   90,   28,   63,   22,   92,   74,  104,   80,   23,   43,   61,   86,   94,   63,   62,   76,   46,   60,   30,   35,  111,   96,   61,   49,   22,    0,   90,   91,   36,   75,   26,   63,   39,   69,   45,   22,    2,   66,  102,   50,   71,   42,   88,   66],
[39,   64,   43,    2,   59,   25,   58,   93,   24,   55,   73,   89,   19,   34,   70,   82,   12,   96,   19,   40,   20,   55,   81,   68,   27,   95,   41,   80,   25,    7,   66,   37,   25,   24,   18,   28,   65,   18,   66,   84,   71,   20,   71,   21,   29,   71,   53,   46,   64,   25,   27,   86,   23,   72,   90,  105,   71,   26,   65,   45,   48,  100,   90,    0,   50,   60,   23,   99,   55,   65,   39,   45,   70,   88,   65,   22,   90,   21,   83,   87,   63],
[40,   26,   72,   48,   61,   34,   60,   71,   68,   55,   90,   42,   45,   30,   84,   51,   50,   91,   46,   79,   34,   22,   67,   94,   36,   87,    9,   67,   55,   56,   36,   16,   44,   53,   48,   22,   96,   33,   79,   50,   81,   32,   31,   40,   23,   83,   75,   81,   16,   28,   48,   53,   32,   51,   57,   91,   92,   46,   15,   31,   43,   89,   91,   50,    0,   79,   33,   86,   90,   52,   78,   61,   80,   89,   31,   37,   63,   41,   62,   41,   30],
[39,   71,   19,   60,   24,   49,   25,   63,   45,   28,   13,   96,   78,   84,   11,   68,   48,   45,   43,   34,   72,   64,   47,   18,   81,   48,   74,   45,   35,   65,   61,   64,   40,   36,   78,   64,   23,   66,    8,   73,   15,   68,   75,   78,   60,   13,    8,   25,   81,   72,   36,   73,   53,   53,   74,   62,   13,   85,   89,   49,   38,   54,   36,   60,   79,    0,   52,   56,   28,   42,   33,   18,   14,   35,   65,   77,   67,   46,   57,   93,   64],
[19,   42,   41,   21,   43,    4,   42,   71,   36,   37,   65,   68,   31,   32,   61,   59,   18,   79,   14,   47,   22,   33,   61,   65,   31,   77,   25,   60,   22,   30,   43,   17,   13,   21,   33,   12,   66,   15,   56,   61,   59,   17,   49,   29,    9,   60,   47,   49,   43,   20,   17,   63,    1,   50,   67,   86,   65,   37,   47,   22,   28,   81,   75,   23,   33,   52,    0,   80,   59,   45,   45,   34,   58,   73,   42,   27,   67,    8,   62,   65,   40],
[61,   63,   72,   98,   41,   76,   41,   20,   94,   44,   53,   76,  111,  107,   48,   41,   88,   16,   80,   88,  100,   64,   19,   69,  109,    9,   88,   20,   77,  106,   50,   78,   74,   77,  112,   86,   77,   94,   48,   46,   42,   96,   61,  108,   81,   45,   62,   80,   77,   97,   72,   44,   80,   35,   41,    7,   59,  116,   87,   60,   52,    5,   26,   99,   86,   56,   80,    0,   84,   35,   87,   59,   42,   25,   56,  106,   30,   78,   25,   72,   57],
[54,   90,   19,   56,   49,   57,   50,   90,   32,   51,   34,  117,   74,   86,   37,   92,   46,   72,   46,   15,   73,   81,   74,   19,   81,   76,   84,   72,   36,   57,   83,   74,   46,   38,   73,   71,   13,   67,   36,   97,   42,   70,   95,   76,   68,   40,   23,   10,   97,   75,   42,   98,   60,   77,   99,   90,   29,   81,  103,   65,   57,   82,   63,   55,   90,   28,   59,   84,    0,   67,   16,   34,   42,   63,   86,   76,   93,   51,   84,  113,   84],
[26,   34,   49,   64,   18,   41,   17,   28,   65,   16,   47,   56,   76,   72,   41,   26,   55,   39,   47,   65,   65,   31,   16,   59,   74,   35,   53,   16,   47,   73,   22,   43,   41,   46,   78,   50,   65,   59,   38,   31,   36,   61,   36,   73,   46,   39,   44,   59,   47,   62,   41,   32,   45,   11,   33,   42,   52,   81,   57,   25,   17,   38,   39,   65,   52,   42,   45,   35,   67,    0,   63,   33,   35,   37,   27,   71,   27,   45,   19,   52,   27],
[45,   81,   15,   40,   48,   44,   48,   89,   16,   48,   44,  108,   58,   71,   44,   88,   30,   78,   32,    1,   57,   72,   74,   32,   66,   80,   70,   72,   23,   41,   76,   62,   34,   25,   57,   57,   28,   52,   41,   92,   48,   55,   87,   60,   55,   47,   26,    9,   86,   60,   30,   93,   46,   73,   95,   93,   40,   65,   92,   56,   50,   86,   69,   39,   78,   33,   45,   87,   16,   63,    0,   30,   47,   68,   78,   61,   91,   37,   82,  105,   76],
[22,   56,   16,   44,   18,   31,   18,   59,   35,   17,   30,   83,   61,   66,   27,   58,   33,   52,   26,   31,   55,   48,   44,   33,   64,   53,   56,   42,   21,   51,   48,   46,   22,   21,   62,   46,   36,   48,   22,   63,   26,   51,   61,   61,   42,   27,   14,   26,   64,   54,   19,   64,   35,   44,   66,   65,   31,   68,   72,   32,   23,   58,   45,   45,   61,   18,   34,   59,   34,   33,   30,    0,   25,   44,   52,   60,   60,   28,   52,   79,   50],
[41,   68,   33,   70,   19,   55,   20,   51,   57,   25,   13,   91,   86,   90,    6,   60,   58,   31,   52,   48,   79,   62,   36,   28,   89,   34,   77,   33,   45,   76,   56,   66,   47,   46,   87,   69,   35,   73,    6,   65,    1,   75,   70,   86,   65,    4,   22,   39,   79,   78,   44,   65,   59,   45,   65,   48,   18,   93,   88,   49,   37,   40,   22,   70,   80,   14,   58,   42,   42,   35,   47,   25,    0,   21,   61,   85,   56,   53,   47,   87,   61],
[55,   71,   54,   88,   31,   70,   31,   40,   78,   36,   29,   90,  103,  104,   25,   55,   76,   10,   69,   69,   95,   68,   28,   46,  104,   15,   88,   26,   65,   95,   58,   77,   64,   64,  104,   82,   54,   88,   27,   61,   21,   91,   72,  102,   78,   22,   43,   60,   84,   93,   62,   60,   74,   44,   59,   29,   35,  110,   94,   59,   48,   21,    2,   88,   89,   35,   73,   25,   63,   37,   68,   44,   21,    0,   64,  100,   48,   70,   40,   86,   64],
[33,    7,   67,   63,   42,   40,   42,   40,   74,   38,   73,   31,   68,   58,   67,   20,   59,   64,   52,   79,   56,   11,   39,   83,   62,   59,   36,   39,   56,   72,    6,   30,   46,   55,   71,   40,   87,   52,   63,   20,   62,   53,    9,   64,   37,   65,   65,   77,   21,   51,   49,   23,   42,   21,   27,   61,   77,   72,   31,   22,   29,   60,   66,   65,   31,   65,   42,   56,   86,   27,   78,   52,   61,   64,    0,   61,   32,   47,   31,   28,    2],
[46,   58,   62,   21,   70,   31,   69,   96,   46,   64,   90,   79,    8,   12,   86,   81,   31,  106,   34,   62,    6,   51,   87,   87,    5,  104,   28,   86,   42,   24,   64,   31,   38,   42,   11,   21,   86,   12,   81,   82,   85,   10,   65,    3,   25,   87,   71,   67,   53,   10,   41,   84,   26,   74,   88,  113,   89,   10,   51,   46,   54,  108,  102,   22,   37,   77,   27,  106,   76,   71,   61,   60,   85,  100,   61,    0,   91,   31,   87,   78,   59],
[51,   38,   76,   88,   44,   65,   43,   10,   92,   43,   69,   46,   97,   89,   63,   13,   81,   44,   73,   92,   85,   42,   21,   84,   92,   37,   67,   23,   74,   97,   27,   60,   66,   73,   99,   69,   90,   80,   61,   16,   57,   81,   34,   93,   66,   60,   70,   86,   51,   81,   67,   14,   68,   18,   11,   33,   74,  101,   61,   46,   43,   35,   50,   90,   63,   67,   67,   30,   93,   27,   91,   60,   56,   48,   32,   91,    0,   69,    9,   42,   33],
[18,   48,   34,   19,   40,    7,   39,   72,   28,   35,   59,   74,   34,   38,   55,   62,   12,   76,    6,   39,   26,   38,   60,   58,   36,   75,   33,   59,   14,   28,   47,   25,    6,   13,   35,   20,   58,   20,   50,   65,   54,   23,   54,   33,   17,   55,   40,   41,   50,   26,   10,   67,    9,   51,   70,   85,   59,   40,   54,   25,   27,   80,   71,   21,   41,   46,    8,   78,   51,   45,   37,   28,   53,   70,   47,   31,   69,    0,   63,   72,   45],
[45,   38,   67,   82,   34,   59,   34,    9,   84,   34,   60,   51,   92,   86,   53,   16,   74,   37,   66,   83,   81,   40,   12,   74,   89,   30,   65,   14,   66,   91,   26,   57,   59,   65,   94,   65,   81,   75,   51,   22,   48,   77,   36,   89,   61,   50,   61,   77,   52,   77,   60,   20,   62,   12,   19,   30,   65,   97,   62,   40,   36,   30,   42,   83,   62,   57,   62,   25,   84,   19,   82,   52,   47,   40,   31,   87,    9,   63,    0,   47,   32],
[60,   24,   94,   85,   69,   65,   68,   52,  100,   65,  100,    4,   86,   71,   93,   31,   84,   84,   77,  107,   74,   34,   58,  110,   77,   78,   50,   60,   83,   94,   31,   50,   72,   81,   89,   60,  115,   72,   90,   26,   88,   71,   18,   81,   58,   91,   93,  104,   25,   68,   75,   28,   65,   43,   31,   75,  104,   87,   30,   49,   57,   77,   88,   87,   41,   93,   65,   72,  113,   52,  105,   79,   87,   86,   28,   78,   42,   72,   47,    0,   29],
[31,    7,   65,   61,   42,   38,   41,   41,   72,   37,   72,   33,   66,   56,   66,   22,   57,   65,   50,   78,   54,    9,   39,   82,   60,   59,   34,   40,   55,   70,    7,   28,   45,   53,   69,   38,   86,   50,   62,   22,   62,   51,   11,   62,   36,   64,   64,   75,   20,   49,   47,   25,   40,   22,   29,   62,   76,   70,   31,   21,   28,   61,   66,   63,   30,   64,   40,   57,   84,   27,   76,   50,   61,   64,    2,   59,   33,   45,   32,   29,    0]];