//numero de Clientes
30
//Capacidade dos veiculos
140

//Coordenada do Deposito 
49, 51

//Coordenadas dos Clientes 
30, 98
85, 13
14, 58
75, 96
11, 35
4, 4
4, 10
82, 74
83, 7
65, 53
44, 83
11, 53
94, 66
13, 92
98, 18
83, 33
35, 67
77, 45
76, 73
29, 20
82, 98
96, 10
96, 87
24, 38
2, 50
97, 48
19, 94
14, 34
38, 57
70, 44

//Demanda dos Clientes:
q = [27, 12, 32, 25, 19, 15, 28, 4, 33, 37, 16, 34, 10, 31, 9, 6, 38, 31, 14, 34, 28, 17, 30, 29, 40, 11, 38, 33, 15, 10];

d = [   [0,   51,   52,   36,   52,   41,   65,   61,   40,   56,   16,   32,   38,   47,   55,   59,   38,   21,   29,   35,   37,   57,   62,   59,   28,   47,   48,   52,   39,   13,   22],
[51,    0,  101,   43,   45,   66,   98,   92,   57,  105,   57,   21,   49,   72,   18,  105,   84,   31,   71,   52,   78,   52,  110,   67,   60,   56,   84,   12,   66,   42,   67],
[52,  101,    0,   84,   84,   77,   81,   81,   61,    6,   45,   81,   84,   54,  107,   14,   20,   74,   33,   61,   56,   85,   11,   75,   66,   91,   37,  104,   74,   64,   34],
[36,   43,   84,    0,   72,   23,   55,   49,   70,   86,   51,   39,    6,   80,   34,   93,   73,   23,   64,   64,   41,   79,   95,   87,   22,   14,   84,   36,   24,   24,   58],
[52,   45,   84,   72,    0,   88,  116,  112,   23,   89,   44,   34,   77,   36,   62,   81,   64,   49,   51,   23,   89,    7,   89,   23,   77,   86,   53,   56,   87,   54,   52],
[41,   66,   77,   23,   88,    0,   32,   26,   81,   77,   57,   58,   18,   89,   57,   89,   72,   40,   67,   75,   23,   95,   89,  100,   13,   17,   87,   60,    3,   35,   60],
[65,   98,   81,   55,  116,   32,    0,    6,  105,   79,   78,   89,   49,  109,   88,   95,   84,   70,   84,  100,   30,  122,   92,  124,   39,   46,  103,   91,   32,   63,   77],
[61,   92,   81,   49,  112,   26,    6,    0,  101,   79,   75,   83,   44,  106,   82,   94,   82,   65,   81,   96,   27,  118,   92,  120,   34,   40,  100,   85,   26,   58,   74],
[40,   57,   61,   70,   23,   81,  105,  101,    0,   67,   27,   39,   74,   14,   71,   58,   41,   48,   29,    6,   76,   24,   66,   19,   68,   84,   30,   66,   79,   47,   32],
[56,  105,    6,   86,   89,   77,   79,   79,   67,    0,   49,   85,   85,   60,  110,   19,   26,   77,   38,   66,   56,   91,   13,   81,   67,   92,   43,  108,   74,   67,   39],
[16,   57,   45,   51,   44,   57,   78,   75,   27,   49,    0,   37,   54,   32,   65,   48,   27,   33,   14,   23,   49,   48,   53,   46,   44,   63,   32,   62,   54,   27,   10],
[32,   21,   81,   39,   34,   58,   89,   83,   39,   85,   37,    0,   45,   53,   32,   85,   63,   18,   50,   34,   65,   41,   90,   52,   49,   53,   64,   27,   57,   27,   47],
[38,   49,   84,    6,   77,   18,   49,   44,   74,   85,   54,   45,    0,   84,   39,   94,   75,   28,   66,   68,   38,   84,   95,   92,   20,    9,   86,   42,   19,   27,   60],
[47,   72,   54,   80,   36,   89,  109,  106,   14,   60,   32,   53,   84,    0,   85,   48,   35,   59,   27,   19,   80,   34,   56,   21,   75,   93,   18,   80,   86,   57,   33],
[55,   18,  107,   34,   62,   57,   88,   82,   71,  110,   65,   32,   39,   85,    0,  113,   92,   33,   79,   66,   74,   69,  117,   83,   55,   43,   95,    6,   58,   43,   75],
[59,  105,   14,   93,   81,   89,   95,   94,   58,   19,   48,   85,   94,   48,  113,    0,   21,   80,   34,   59,   69,   82,    8,   69,   77,  101,   30,  110,   86,   72,   38],
[38,   84,   20,   73,   64,   72,   84,   82,   41,   26,   27,   63,   75,   35,   92,   21,    0,   59,   13,   41,   56,   65,   26,   56,   59,   83,   21,   88,   69,   51,   17],
[21,   31,   74,   23,   49,   40,   70,   65,   48,   77,   33,   18,   28,   59,   33,   80,   59,    0,   47,   41,   47,   56,   83,   64,   31,   37,   65,   31,   39,   10,   42],
[29,   71,   33,   64,   51,   67,   84,   81,   29,   38,   14,   50,   66,   27,   79,   34,   13,   47,    0,   28,   54,   53,   40,   46,   53,   75,   20,   76,   64,   41,    7],
[35,   52,   61,   64,   23,   75,  100,   96,    6,   66,   23,   34,   68,   19,   66,   59,   41,   41,   28,    0,   71,   26,   66,   24,   63,   77,   33,   61,   73,   41,   30],
[37,   78,   56,   41,   89,   23,   30,   27,   76,   56,   49,   65,   38,   80,   74,   69,   56,   47,   54,   71,    0,   94,   68,   95,   19,   40,   74,   75,   21,   38,   48],
[57,   52,   85,   79,    7,   95,  122,  118,   24,   91,   48,   41,   84,   34,   69,   82,   65,   56,   53,   26,   94,    0,   89,   18,   83,   93,   52,   63,   93,   60,   55],
[62,  110,   11,   95,   89,   89,   92,   92,   66,   13,   53,   90,   95,   56,  117,    8,   26,   83,   40,   66,   68,   89,    0,   77,   77,  102,   38,  114,   85,   75,   43],
[59,   67,   75,   87,   23,  100,  124,  120,   19,   81,   46,   52,   92,   21,   83,   69,   56,   64,   46,   24,   95,   18,   77,    0,   87,  101,   39,   77,   98,   65,   50],
[28,   60,   66,   22,   77,   13,   39,   34,   68,   67,   44,   49,   20,   75,   55,   77,   59,   31,   53,   63,   19,   83,   77,   87,    0,   25,   74,   56,   11,   24,   46],
[47,   56,   91,   14,   86,   17,   46,   40,   84,   92,   63,   53,    9,   93,   43,  101,   83,   37,   75,   77,   40,   93,  102,  101,   25,    0,   95,   47,   20,   37,   68],
[48,   84,   37,   84,   53,   87,  103,  100,   30,   43,   32,   64,   86,   18,   95,   30,   21,   65,   20,   33,   74,   52,   38,   39,   74,   95,    0,   91,   84,   60,   27],
[52,   12,  104,   36,   56,   60,   91,   85,   66,  108,   62,   27,   42,   80,    6,  110,   88,   31,   76,   61,   75,   63,  114,   77,   56,   47,   91,    0,   60,   42,   71],
[39,   66,   74,   24,   87,    3,   32,   26,   79,   74,   54,   57,   19,   86,   58,   86,   69,   39,   64,   73,   21,   93,   85,   98,   11,   20,   84,   60,    0,   33,   57],
[13,   42,   64,   24,   54,   35,   63,   58,   47,   67,   27,   27,   27,   57,   43,   72,   51,   10,   41,   41,   38,   60,   75,   65,   24,   37,   60,   42,   33,    0,   35],
[22,   67,   34,   58,   52,   60,   77,   74,   32,   39,   10,   47,   60,   33,   75,   38,   17,   42,    7,   30,   48,   55,   43,   50,   46,   68,   27,   71,   57,   35,    0]];