//numero de Clientes
70
//Capacidade dos veiculos
140

//Coordenada do Deposito 
49, 46

//Coordenadas dos Clientes 
54, 80
11, 27
3, 32
2, 49
27, 82
18, 84
85, 49
65, 21
53, 42
51, 66
96, 18
37, 71
22, 88
67, 15
1, 37
92, 60
2, 44
30, 37
30, 20
19, 80
41, 80
49, 21
98, 87
16, 58
77, 14
58, 81
94, 31
66, 30
83, 11
72, 95
36, 72
77, 77
27, 32
59, 31
99, 27
93, 11
73, 47
21, 38
58, 5
19, 66
36, 90
41, 15
100, 19
75, 64
93, 29
47, 81
7, 43
90, 9
100, 38
77, 52
49, 56
18, 64
93, 78
31, 45
77, 18
7, 40
48, 74
42, 71
87, 8
64, 78
91, 24
19, 63
72, 17
46, 67
10, 77
75, 29
10, 87
63, 26
1, 62
90, 2

//Demanda dos Clientes:
q = [28, 16, 18, 29, 35, 24, 28, 36, 34, 18, 38, 37, 10, 8, 40, 23, 13, 3, 28, 23, 7, 17, 3, 30, 22, 27, 6, 35, 34, 17, 12, 26, 2, 4, 15, 10, 30, 29, 19, 32, 25, 5, 24, 2, 10, 21, 16, 6, 27, 40, 28, 39, 22, 15, 15, 8, 4, 36, 25, 39, 8, 20, 28, 35, 12, 3, 16, 36, 38, 32];

d = [   [0,   34,   42,   48,   47,   42,   49,   36,   30,    6,   20,   55,   28,   50,   36,   49,   45,   47,   21,   32,   45,   35,   25,   64,   35,   43,   36,   47,   23,   49,   54,   29,   42,   26,   18,   53,   56,   24,   29,   42,   36,   46,   32,   58,   32,   47,   35,   42,   55,   52,   29,   10,   36,   54,   18,   40,   42,   28,   26,   54,   35,   47,   34,   37,   21,   50,   31,   57,   24,   51,   60],
[34,    0,   68,   70,   61,   27,   36,   44,   60,   38,   14,   75,   19,   33,   66,   68,   43,   63,   49,   65,   35,   13,   59,   45,   44,   70,    4,   63,   51,   75,   23,   20,   23,   55,   49,   70,   79,   38,   53,   75,   38,   21,   66,   76,   26,   64,    7,   60,   80,   62,   36,   25,   39,   39,   42,   66,   62,    8,   15,   79,   10,   67,   39,   66,   15,   44,   55,   45,   55,   56,   86],
[42,   68,    0,    9,   24,   57,   57,   77,   54,   45,   56,   85,   51,   62,   57,   14,   87,   19,   21,   20,   54,   61,   38,  106,   31,   67,   72,   83,   55,   74,   91,   51,   83,   17,   48,   88,   84,   65,   15,   52,   40,   68,   32,   89,   74,   82,   65,   16,   81,   90,   71,   48,   38,   97,   27,   67,   14,   60,   54,   78,   74,   80,   37,   62,   53,   50,   64,   60,   52,   36,   83],
[48,   70,    9,    0,   17,   55,   54,   84,   63,   51,   59,   94,   52,   59,   66,    5,   93,   12,   27,   30,   51,   61,   47,  110,   29,   76,   74,   91,   63,   83,   93,   52,   87,   24,   56,   96,   92,   72,   19,   61,   38,   67,   42,   98,   79,   90,   66,   12,   90,   97,   77,   52,   35,  101,   31,   75,    9,   62,   55,   87,   76,   88,   35,   71,   55,   46,   72,   55,   60,   30,   92],
[47,   61,   24,   17,    0,   41,   38,   83,   69,   51,   52,   99,   41,   44,   73,   12,   91,    5,   30,   40,   35,   50,   55,  103,   17,   83,   64,   94,   67,   89,   84,   41,   80,   30,   60,   99,   99,   71,   22,   71,   24,   53,   52,  102,   75,   93,   55,    8,   97,   99,   75,   48,   22,   96,   29,   81,   10,   52,   46,   94,   68,   92,   22,   77,   48,   29,   76,   39,   65,   13,  100],
[42,   27,   57,   55,   41,    0,    9,   67,   72,   48,   29,   94,   15,    8,   78,   52,   69,   45,   45,   62,    8,   14,   65,   71,   26,   84,   31,   84,   65,   90,   47,   13,   50,   50,   60,   91,   97,   58,   44,   83,   18,   12,   68,   96,   51,   85,   20,   44,   96,   85,   58,   34,   20,   66,   37,   81,   47,   22,   19,   95,   37,   86,   21,   79,   24,   18,   72,   18,   67,   33,  102],
[49,   36,   57,   54,   38,    9,    0,   76,   79,   55,   38,  102,   23,    6,   85,   50,   78,   43,   49,   65,    4,   23,   70,   80,   26,   92,   40,   93,   72,   98,   55,   22,   59,   53,   67,   99,  105,   66,   46,   89,   18,   19,   73,  105,   60,   93,   29,   42,  104,   94,   67,   42,   20,   75,   41,   89,   45,   32,   27,  103,   46,   94,   21,   86,   33,   11,   79,    9,   73,   28,  109],
[36,   44,   77,   84,   83,   67,   76,    0,   34,   33,   38,   33,   53,   74,   38,   85,   13,   83,   56,   62,   73,   54,   46,   40,   70,   36,   42,   20,   27,   38,   48,   54,   29,   60,   32,   26,   39,   12,   65,   52,   68,   64,   56,   34,   18,   22,   50,   78,   40,   19,    9,   37,   69,   30,   54,   32,   79,   45,   48,   41,   36,   26,   67,   35,   43,   80,   22,   84,   32,   85,   47],
[30,   60,   54,   63,   69,   72,   79,   34,    0,   24,   47,   31,   57,   80,    6,   66,   47,   67,   38,   35,   75,   64,   16,   74,   61,   14,   60,   31,    9,   21,   74,   59,   57,   40,   12,   35,   30,   27,   47,   17,   64,   75,   25,   35,   44,   29,   63,   62,   28,   39,   33,   38,   64,   64,   42,   12,   61,   56,   55,   26,   57,   26,   62,    8,   50,   78,   13,   86,    5,   76,   31],
[6,   38,   45,   51,   51,   48,   55,   33,   24,    0,   24,   49,   33,   55,   30,   52,   43,   51,   24,   32,   51,   40,   21,   64,   40,   37,   39,   42,   18,   43,   56,   34,   42,   28,   13,   48,   51,   21,   32,   37,   42,   51,   30,   52,   31,   42,   39,   46,   50,   47,   26,   15,   41,   54,   22,   34,   46,   32,   31,   48,   38,   42,   40,   31,   26,   55,   26,   62,   19,   56,   54],
[20,   14,   56,   59,   52,   29,   38,   38,   47,   24,    0,   66,   15,   36,   53,   58,   41,   54,   36,   51,   35,   17,   45,   51,   36,   58,   17,   55,   39,   64,   36,   16,   28,   42,   36,   62,   69,   29,   41,   61,   32,   28,   52,   68,   24,   56,   16,   50,   69,   56,   30,   10,   33,   44,   29,   55,   51,    9,   10,   68,   18,   58,   32,   53,    5,   42,   44,   46,   42,   50,   75],
[55,   75,   85,   94,   99,   94,  102,   33,   31,   49,   66,    0,   79,  102,   29,   97,   42,   98,   69,   66,   99,   83,   47,   69,   89,   19,   74,   13,   32,   15,   81,   81,   62,   70,   39,    9,    8,   37,   78,   40,   91,   94,   55,    4,   51,   11,   80,   92,   11,   20,   39,   60,   91,   60,   70,   19,   92,   74,   76,   13,   68,    8,   89,   24,   70,  104,   24,  110,   34,  105,   17],
[28,   19,   51,   52,   41,   15,   23,   53,   57,   33,   15,   79,    0,   23,   64,   50,   56,   44,   35,   51,   20,   10,   51,   63,   25,   70,   23,   70,   50,   76,   42,    1,   40,   40,   46,   76,   82,   43,   37,   69,   19,   19,   56,   82,   39,   70,   14,   41,   82,   71,   44,   19,   20,   56,   27,   66,   43,   11,    5,   80,   28,   72,   20,   64,   10,   28,   57,   31,   52,   37,   87],
[50,   33,   62,   59,   44,    8,    6,   74,   80,   55,   36,  102,   23,    0,   86,   55,   75,   48,   52,   68,    9,   21,   72,   76,   31,   92,   37,   92,   73,   98,   50,   21,   56,   56,   68,   98,  105,   65,   50,   90,   22,   14,   75,  104,   58,   92,   26,   47,  104,   93,   66,   42,   24,   72,   44,   89,   50,   30,   26,  103,   43,   94,   25,   87,   32,   16,   79,   12,   74,   33,  110],
[36,   66,   57,   66,   73,   78,   85,   38,    6,   30,   53,   29,   64,   86,    0,   70,   51,   71,   43,   37,   81,   70,   19,   78,   67,   10,   67,   31,   15,   16,   80,   65,   63,   43,   18,   34,   26,   33,   51,   13,   70,   81,   26,   33,   50,   30,   69,   66,   24,   40,   38,   45,   69,   68,   47,   10,   65,   62,   61,   21,   63,   26,   68,    5,   56,   84,   16,   92,   12,   81,   26],
[49,   68,   14,    5,   12,   52,   50,   85,   66,   52,   58,   97,   50,   55,   70,    0,   94,    7,   29,   34,   47,   59,   51,  109,   26,   79,   72,   93,   65,   86,   92,   49,   86,   26,   58,   99,   96,   73,   20,   65,   34,   64,   46,  101,   79,   92,   64,    8,   93,   99,   77,   52,   32,  101,   31,   78,    7,   60,   53,   91,   75,   91,   32,   74,   54,   41,   74,   51,   63,   25,   96],
[45,   43,   87,   93,   91,   69,   78,   13,   47,   43,   41,   42,   56,   75,   51,   94,    0,   91,   66,   74,   76,   55,   58,   28,   76,   48,   40,   29,   40,   50,   40,   57,   23,   71,   44,   34,   49,   23,   74,   65,   73,   64,   68,   42,   17,   31,   50,   87,   51,   23,   17,   43,   74,   18,   63,   45,   87,   46,   51,   52,   33,   36,   73,   47,   47,   84,   35,   86,   45,   91,   58],
[47,   63,   19,   12,    5,   45,   43,   83,   67,   51,   54,   98,   44,   48,   71,    7,   91,    0,   29,   37,   40,   53,   52,  105,   20,   81,   67,   93,   66,   87,   87,   44,   82,   28,   58,   98,   97,   71,   20,   68,   28,   57,   49,  101,   76,   92,   58,    5,   95,   98,   75,   49,   26,   97,   29,   79,    6,   55,   48,   92,   71,   91,   25,   75,   50,   34,   75,   44,   64,   18,   98],
[21,   49,   21,   27,   30,   45,   49,   56,   38,   24,   36,   69,   35,   52,   43,   29,   66,   29,    0,   17,   44,   44,   25,   84,   25,   52,   52,   64,   37,   59,   72,   36,   62,    6,   30,   70,   68,   44,    9,   43,   31,   53,   25,   72,   52,   64,   47,   24,   66,   70,   49,   27,   30,   75,    8,   51,   23,   41,   36,   64,   53,   62,   28,   47,   34,   45,   46,   54,   35,   38,   69],
[32,   65,   20,   30,   40,   62,   65,   62,   35,   32,   51,   66,   51,   68,   37,   34,   74,   37,   17,    0,   61,   61,   19,   95,   40,   47,   67,   65,   37,   54,   86,   52,   74,   12,   31,   69,   64,   51,   20,   32,   47,   70,   12,   70,   63,   64,   63,   33,   61,   72,   57,   41,   46,   86,   25,   47,   30,   57,   52,   58,   67,   61,   44,   42,   50,   60,   46,   70,   34,   51,   63],
[45,   35,   54,   51,   35,    8,    4,   73,   75,   51,   35,   99,   20,    9,   81,   47,   76,   40,   44,   61,    0,   22,   66,   79,   22,   88,   39,   90,   69,   94,   55,   19,   58,   49,   63,   96,  101,   63,   42,   85,   14,   20,   69,  101,   58,   90,   28,   39,  100,   91,   64,   38,   16,   74,   37,   85,   42,   30,   25,   99,   45,   91,   17,   82,   30,    9,   76,   11,   70,   25,  105],
[35,   13,   61,   61,   50,   14,   23,   54,   64,   40,   17,   83,   10,   21,   70,   59,   55,   53,   44,   61,   22,    0,   60,   57,   33,   75,   17,   72,   56,   81,   34,    9,   36,   50,   52,   79,   86,   46,   47,   77,   26,   11,   65,   85,   38,   73,    6,   50,   86,   72,   46,   25,   28,   52,   36,   72,   52,    9,    9,   85,   23,   75,   28,   70,   14,   31,   61,   32,   58,   44,   92],
[25,   59,   38,   47,   55,   65,   70,   46,   16,   21,   45,   47,   51,   72,   19,   51,   58,   52,   25,   19,   66,   60,    0,   82,   50,   29,   61,   46,   19,   35,   77,   53,   63,   25,   14,   50,   45,   35,   33,   18,   54,   70,   10,   51,   50,   45,   60,   47,   43,   54,   42,   35,   53,   72,   30,   28,   46,   53,   50,   40,   59,   42,   52,   23,   46,   68,   27,   77,   15,   63,   45],
[64,   45,  106,  110,  103,   71,   80,   40,   74,   64,   51,   69,   63,   76,   78,  109,   28,  105,   84,   95,   79,   57,   82,    0,   87,   76,   40,   56,   65,   77,   27,   64,   23,   90,   68,   60,   76,   47,   91,   91,   82,   62,   92,   68,   33,   58,   51,  101,   78,   49,   41,   58,   83,   10,   79,   72,  102,   52,   58,   80,   35,   63,   83,   75,   56,   89,   62,   88,   70,  100,   85],
[35,   44,   31,   29,   17,   26,   26,   70,   61,   40,   36,   89,   25,   31,   67,   26,   76,   20,   25,   40,   22,   33,   50,   87,    0,   75,   48,   83,   57,   82,   67,   24,   64,   28,   51,   89,   90,   58,   21,   68,    9,   38,   50,   93,   59,   82,   39,   17,   89,   86,   61,   33,    6,   80,   20,   73,   20,   36,   29,   87,   52,   82,    6,   69,   31,   20,   66,   30,   57,   16,   93],
[43,   70,   67,   76,   83,   84,   92,   36,   14,   37,   58,   19,   70,   92,   10,   79,   48,   81,   52,   47,   88,   75,   29,   76,   75,    0,   70,   24,   19,    7,   81,   71,   63,   53,   25,   26,   16,   33,   61,   21,   78,   86,   36,   24,   50,   22,   73,   76,   14,   33,   38,   50,   77,   66,   55,    4,   75,   67,   67,   12,   65,   17,   76,    6,   61,   92,   15,   99,   18,   90,   18],
[36,    4,   72,   74,   64,   31,   40,   42,   60,   39,   17,   74,   23,   37,   67,   72,   40,   67,   52,   67,   39,   17,   61,   40,   48,   70,    0,   62,   52,   74,   20,   24,   19,   58,   50,   68,   78,   37,   57,   76,   42,   24,   68,   75,   24,   63,   11,   64,   79,   60,   35,   27,   43,   35,   45,   66,   65,   12,   19,   79,    7,   66,   43,   66,   18,   48,   55,   48,   55,   60,   85],
[47,   63,   83,   91,   94,   84,   93,   20,   31,   42,   55,   13,   70,   92,   31,   93,   29,   93,   64,   65,   90,   72,   46,   56,   83,   24,   62,    0,   28,   23,   68,   71,   49,   67,   35,    6,   20,   26,   73,   44,   83,   83,   55,   13,   38,    2,   69,   88,   22,    9,   27,   51,   83,   47,   65,   21,   87,   63,   66,   24,   56,    8,   82,   26,   60,   96,   19,  101,   31,   98,   29],
[23,   51,   55,   63,   67,   65,   72,   27,    9,   18,   39,   32,   50,   73,   15,   65,   40,   66,   37,   37,   69,   56,   19,   65,   57,   19,   52,   28,    0,   25,   65,   52,   48,   39,    7,   33,   33,   18,   46,   26,   59,   67,   29,   36,   35,   27,   54,   60,   32,   35,   25,   31,   59,   55,   38,   16,   60,   48,   48,   30,   48,   26,   57,   14,   42,   73,    9,   80,    5,   72,   37],
[49,   75,   74,   83,   89,   90,   98,   38,   21,   43,   64,   15,   76,   98,   16,   86,   50,   87,   59,   54,   94,   81,   35,   77,   82,    7,   74,   23,   25,    0,   85,   77,   66,   60,   31,   23,   10,   37,   68,   26,   84,   92,   42,   19,   54,   21,   79,   82,    7,   32,   41,   56,   84,   68,   62,    9,   81,   72,   73,    5,   70,   15,   82,   13,   67,   98,   20,  105,   25,   97,   11],
[54,   23,   91,   93,   84,   47,   55,   48,   74,   56,   36,   81,   42,   50,   80,   92,   40,   87,   72,   86,   55,   34,   77,   27,   67,   81,   20,   68,   65,   85,    0,   43,   19,   77,   65,   73,   87,   48,   76,   91,   60,   36,   86,   81,   31,   69,   29,   83,   88,   64,   43,   45,   62,   27,   65,   77,   85,   32,   38,   88,   19,   73,   62,   78,   38,   65,   66,   63,   70,   78,   95],
[29,   20,   51,   52,   41,   13,   22,   54,   59,   34,   16,   81,    1,   21,   65,   49,   57,   44,   36,   52,   19,    9,   53,   64,   24,   71,   24,   71,   52,   77,   43,    0,   41,   41,   47,   77,   83,   45,   37,   71,   18,   18,   57,   83,   40,   71,   14,   41,   83,   72,   46,   21,   20,   57,   27,   68,   43,   12,    6,   82,   29,   73,   19,   66,   11,   26,   58,   30,   53,   36,   88],
[42,   23,   83,   87,   80,   50,   59,   29,   57,   42,   28,   62,   40,   56,   63,   86,   23,   82,   62,   74,   58,   36,   63,   23,   64,   63,   19,   49,   48,   66,   19,   41,    0,   67,   49,   55,   68,   30,   68,   74,   59,   43,   72,   62,   13,   51,   30,   78,   69,   45,   25,   35,   60,   16,   56,   59,   79,   29,   36,   70,   13,   55,   60,   60,   33,   67,   48,   68,   53,   77,   76],
[26,   55,   17,   24,   30,   50,   53,   60,   40,   28,   42,   70,   40,   56,   43,   26,   71,   28,    6,   12,   49,   50,   25,   90,   28,   53,   58,   67,   39,   60,   77,   41,   67,    0,   32,   72,   69,   48,    8,   41,   35,   59,   22,   74,   58,   66,   53,   23,   67,   73,   54,   33,   33,   80,   14,   52,   22,   47,   42,   65,   59,   64,   32,   47,   40,   48,   48,   58,   36,   40,   70],
[18,   49,   48,   56,   60,   60,   67,   32,   12,   13,   36,   39,   46,   68,   18,   58,   44,   58,   30,   31,   63,   52,   14,   68,   51,   25,   50,   35,    7,   31,   65,   47,   49,   32,    0,   40,   39,   21,   39,   26,   53,   63,   24,   43,   37,   34,   51,   53,   38,   42,   28,   27,   53,   58,   31,   22,   53,   44,   43,   36,   47,   33,   51,   19,   38,   67,   16,   74,    6,   66,   42],
[53,   70,   88,   96,   99,   91,   99,   26,   35,   48,   62,    9,   76,   98,   34,   99,   34,   98,   70,   69,   96,   79,   50,   60,   89,   26,   68,    6,   33,   23,   73,   77,   55,   72,   40,    0,   17,   33,   79,   47,   89,   89,   59,    8,   44,    6,   75,   93,   20,   11,   33,   58,   89,   51,   70,   24,   93,   69,   72,   22,   62,    9,   88,   29,   66,  102,   24,  107,   36,  104,   27],
[56,   79,   84,   92,   99,   97,  105,   39,   30,   51,   69,    8,   82,  105,   26,   96,   49,   97,   68,   64,  101,   86,   45,   76,   90,   16,   78,   20,   33,   10,   87,   83,   68,   69,   39,   17,    0,   41,   77,   36,   92,   97,   52,   11,   56,   18,   84,   92,    4,   28,   44,   63,   92,   67,   71,   17,   91,   77,   79,    7,   73,   13,   90,   22,   73,  106,   25,  113,   34,  105,    9],
[24,   38,   65,   72,   71,   58,   66,   12,   27,   21,   29,   37,   43,   65,   33,   73,   23,   71,   44,   51,   63,   46,   35,   47,   58,   33,   37,   26,   18,   37,   48,   45,   30,   48,   21,   33,   41,    0,   53,   45,   57,   57,   45,   39,   17,   27,   43,   66,   42,   28,    6,   26,   58,   37,   42,   29,   66,   37,   39,   41,   32,   29,   56,   30,   34,   70,   18,   75,   23,   74,   48],
[29,   53,   15,   19,   22,   44,   46,   65,   47,   32,   41,   78,   37,   50,   51,   20,   74,   20,    9,   20,   42,   47,   33,   91,   21,   61,   57,   73,   46,   68,   76,   37,   68,    8,   39,   79,   77,   53,    0,   50,   28,   54,   30,   81,   60,   73,   50,   15,   75,   79,   58,   33,   26,   82,   12,   59,   14,   45,   39,   72,   59,   71,   25,   55,   38,   41,   55,   50,   44,   31,   78],
[42,   75,   52,   61,   71,   83,   89,   52,   17,   37,   61,   40,   69,   90,   13,   65,   65,   68,   43,   32,   85,   77,   18,   91,   68,   21,   76,   44,   26,   26,   91,   71,   74,   41,   26,   47,   36,   45,   50,    0,   72,   88,   20,   44,   61,   42,   77,   64,   32,   53,   51,   52,   71,   81,   48,   23,   62,   70,   68,   29,   73,   38,   70,   18,   63,   87,   29,   95,   22,   81,   32],
[36,   38,   40,   38,   24,   18,   18,   68,   64,   42,   32,   91,   19,   22,   70,   34,   73,   28,   31,   47,   14,   26,   54,   82,    9,   78,   42,   83,   59,   84,   60,   18,   59,   35,   53,   89,   92,   57,   28,   72,    0,   29,   56,   94,   56,   83,   32,   26,   91,   86,   60,   32,    2,   75,   24,   75,   29,   30,   24,   89,   47,   83,    3,   72,   27,   14,   67,   23,   59,   18,   96],
[46,   21,   68,   67,   53,   12,   19,   64,   75,   51,   28,   94,   19,   14,   81,   64,   64,   57,   53,   70,   20,   11,   70,   62,   38,   86,   24,   83,   67,   92,   36,   18,   43,   59,   63,   89,   97,   57,   54,   88,   29,    0,   75,   96,   47,   83,   14,   55,   97,   82,   56,   36,   32,   58,   45,   83,   58,   20,   20,   97,   30,   86,   32,   81,   25,   29,   72,   26,   69,   45,  103],
[32,   66,   32,   42,   52,   68,   73,   56,   25,   30,   52,   55,   56,   75,   26,   46,   68,   49,   25,   12,   69,   65,   10,   92,   50,   36,   68,   55,   29,   42,   86,   57,   72,   22,   24,   59,   52,   45,   30,   20,   56,   75,    0,   59,   60,   54,   66,   44,   49,   63,   52,   42,   54,   82,   32,   36,   42,   59,   56,   47,   67,   51,   53,   31,   52,   69,   37,   78,   25,   62,   51],
[58,   76,   89,   98,  102,   96,  105,   34,   35,   52,   68,    4,   82,  104,   33,  101,   42,  101,   72,   70,  101,   85,   51,   68,   93,   24,   75,   13,   36,   19,   81,   83,   62,   74,   43,    8,   11,   39,   81,   44,   94,   96,   59,    0,   51,   12,   82,   96,   14,   19,   40,   63,   94,   59,   74,   23,   95,   76,   78,   17,   69,   10,   92,   28,   72,  107,   27,  113,   38,  108,   20],
[32,   26,   74,   79,   75,   51,   60,   18,   44,   31,   24,   51,   39,   58,   50,   79,   17,   76,   52,   63,   58,   38,   50,   33,   59,   50,   24,   38,   35,   54,   31,   40,   13,   58,   37,   44,   56,   17,   60,   61,   56,   47,   60,   51,    0,   39,   33,   71,   57,   36,   12,   27,   57,   23,   48,   46,   72,   29,   34,   57,   18,   43,   56,   47,   29,   66,   35,   69,   40,   74,   64],
[47,   64,   82,   90,   93,   85,   93,   22,   29,   42,   56,   11,   70,   92,   30,   92,   31,   92,   64,   64,   90,   73,   45,   58,   82,   22,   63,    2,   27,   21,   69,   71,   51,   66,   34,    6,   18,   27,   73,   42,   83,   83,   54,   12,   39,    0,   69,   87,   20,   11,   28,   52,   83,   49,   64,   19,   87,   64,   66,   22,   57,    5,   81,   24,   60,   96,   18,  101,   30,   98,   27],
[35,    7,   65,   66,   55,   20,   29,   50,   63,   39,   16,   80,   14,   26,   69,   64,   50,   58,   47,   63,   28,    6,   60,   51,   39,   73,   11,   69,   54,   79,   29,   14,   30,   53,   51,   75,   84,   43,   50,   77,   32,   14,   66,   82,   33,   69,    0,   55,   84,   68,   42,   25,   34,   46,   39,   70,   57,    7,   11,   83,   17,   72,   33,   69,   14,   37,   59,   37,   57,   50,   90],
[42,   60,   16,   12,    8,   44,   42,   78,   62,   46,   50,   92,   41,   47,   66,    8,   87,    5,   24,   33,   39,   50,   47,  101,   17,   76,   64,   88,   60,   82,   83,   41,   78,   23,   53,   93,   92,   66,   15,   64,   26,   55,   44,   96,   71,   87,   55,    0,   90,   93,   71,   44,   24,   93,   24,   74,    3,   51,   45,   87,   67,   86,   23,   70,   46,   34,   69,   44,   59,   20,   93],
[55,   80,   81,   90,   97,   96,  104,   40,   28,   50,   69,   11,   82,  104,   24,   93,   51,   95,   66,   61,  100,   86,   43,   78,   89,   14,   79,   22,   32,    7,   88,   83,   69,   67,   38,   20,    4,   42,   75,   32,   91,   97,   49,   14,   57,   20,   84,   90,    0,   31,   45,   62,   91,   69,   69,   16,   89,   77,   78,    3,   74,   15,   89,   20,   73,  105,   25,  112,   32,  104,    7],
[52,   62,   90,   97,   99,   85,   94,   19,   39,   47,   56,   20,   71,   93,   40,   99,   23,   98,   70,   72,   91,   72,   54,   49,   86,   33,   60,    9,   35,   32,   64,   72,   45,   73,   42,   11,   28,   28,   79,   53,   86,   82,   63,   19,   36,   11,   68,   93,   31,    0,   27,   54,   86,   41,   69,   30,   93,   63,   67,   33,   54,   17,   85,   35,   61,   98,   27,  102,   39,  102,   37],
[29,   36,   71,   77,   75,   58,   67,    9,   33,   26,   30,   39,   44,   66,   38,   77,   17,   75,   49,   57,   64,   46,   42,   41,   61,   38,   35,   27,   25,   41,   43,   46,   25,   54,   28,   33,   44,    6,   58,   51,   60,   56,   52,   40,   12,   28,   42,   71,   45,   27,    0,   28,   60,   31,   47,   34,   71,   36,   40,   45,   29,   31,   59,   35,   34,   72,   23,   76,   30,   77,   52],
[10,   25,   48,   52,   48,   34,   42,   37,   38,   15,   10,   60,   19,   42,   45,   52,   43,   49,   27,   41,   38,   25,   35,   58,   33,   50,   27,   51,   31,   56,   45,   21,   35,   33,   27,   58,   63,   26,   33,   52,   32,   36,   42,   63,   27,   52,   25,   44,   62,   54,   28,    0,   32,   49,   21,   47,   45,   18,   17,   61,   27,   53,   31,   45,   11,   44,   37,   50,   33,   48,   68],
[36,   39,   38,   35,   22,   20,   20,   69,   64,   41,   33,   91,   20,   24,   69,   32,   74,   26,   30,   46,   16,   28,   53,   83,    6,   77,   43,   83,   59,   84,   62,   20,   60,   33,   53,   89,   92,   58,   26,   71,    2,   32,   54,   94,   57,   83,   34,   24,   91,   86,   60,   32,    0,   76,   23,   75,   26,   32,   25,   89,   48,   83,    1,   72,   28,   15,   67,   24,   59,   17,   95],
[54,   39,   97,  101,   96,   66,   75,   30,   64,   54,   44,   60,   56,   72,   68,  101,   18,   97,   75,   86,   74,   52,   72,   10,   80,   66,   35,   47,   55,   68,   27,   57,   16,   80,   58,   51,   67,   37,   82,   81,   75,   58,   82,   59,   23,   49,   46,   93,   69,   41,   31,   49,   76,    0,   70,   62,   94,   45,   51,   70,   29,   54,   76,   65,   48,   83,   52,   83,   60,   93,   76],
[18,   42,   27,   31,   29,   37,   41,   54,   42,   22,   29,   70,   27,   44,   47,   31,   63,   29,    8,   25,   37,   36,   30,   79,   20,   55,   45,   65,   38,   62,   65,   27,   56,   14,   31,   70,   71,   42,   12,   48,   24,   45,   32,   74,   48,   64,   39,   24,   69,   69,   47,   21,   23,   70,    0,   53,   25,   34,   28,   67,   47,   64,   22,   50,   27,   38,   47,   47,   37,   34,   73],
[40,   66,   67,   75,   81,   81,   89,   32,   12,   34,   55,   19,   66,   89,   10,   78,   45,   79,   51,   47,   85,   72,   28,   72,   73,    4,   66,   21,   16,    9,   77,   68,   59,   52,   22,   24,   17,   29,   59,   23,   75,   83,   36,   23,   46,   19,   70,   74,   16,   30,   34,   47,   75,   62,   53,    0,   73,   63,   64,   14,   61,   15,   73,    5,   58,   89,   11,   96,   16,   88,   21],
[42,   62,   14,    9,   10,   47,   45,   79,   61,   46,   51,   92,   43,   50,   65,    7,   87,    6,   23,   30,   42,   52,   46,  102,   20,   75,   65,   87,   60,   81,   85,   43,   79,   22,   53,   93,   91,   66,   14,   62,   29,   58,   42,   95,   72,   87,   57,    3,   89,   93,   71,   45,   26,   94,   25,   73,    0,   53,   47,   86,   69,   86,   26,   69,   47,   37,   69,   47,   58,   23,   91],
[28,    8,   60,   62,   52,   22,   32,   45,   56,   32,    9,   74,   11,   30,   62,   60,   46,   55,   41,   57,   30,    9,   53,   52,   36,   67,   12,   63,   48,   72,   32,   12,   29,   47,   44,   69,   77,   37,   45,   70,   30,   20,   59,   76,   29,   64,    7,   51,   77,   63,   36,   18,   32,   45,   34,   63,   53,    0,    7,   77,   16,   66,   31,   62,    7,   38,   52,   40,   50,   49,   83],
[26,   15,   54,   55,   46,   19,   27,   48,   55,   31,   10,   76,    5,   26,   61,   53,   51,   48,   36,   52,   25,    9,   50,   58,   29,   67,   19,   66,   48,   73,   38,    6,   36,   42,   43,   72,   79,   39,   39,   68,   24,   20,   56,   78,   34,   66,   11,   45,   78,   67,   40,   17,   25,   51,   28,   64,   47,    7,    0,   77,   23,   68,   24,   62,    6,   33,   53,   36,   50,   42,   84],
[54,   79,   78,   87,   94,   95,  103,   41,   26,   48,   68,   13,   80,  103,   21,   91,   52,   92,   64,   58,   99,   85,   40,   80,   87,   12,   79,   24,   30,    5,   88,   82,   70,   65,   36,   22,    7,   41,   72,   29,   89,   97,   47,   17,   57,   22,   83,   87,    3,   33,   45,   61,   89,   70,   67,   14,   86,   77,   77,    0,   74,   16,   87,   17,   72,  103,   24,  110,   30,  102,    7],
[35,   10,   74,   76,   68,   37,   46,   36,   57,   38,   18,   68,   28,   43,   63,   75,   33,   71,   53,   67,   45,   23,   59,   35,   52,   65,    7,   56,   48,   70,   19,   29,   13,   59,   47,   62,   73,   32,   59,   73,   47,   30,   67,   69,   18,   57,   17,   67,   74,   54,   29,   27,   48,   29,   47,   61,   69,   16,   23,   74,    0,   60,   47,   62,   21,   54,   50,   55,   52,   65,   80],
[47,   67,   80,   88,   92,   86,   94,   26,   26,   42,   58,    8,   72,   94,   26,   91,   36,   91,   62,   61,   91,   75,   42,   63,   82,   17,   66,    8,   26,   15,   73,   73,   55,   64,   33,    9,   13,   29,   71,   38,   83,   86,   51,   10,   43,    5,   72,   86,   15,   17,   31,   53,   83,   54,   64,   15,   86,   66,   68,   16,   60,    0,   82,   20,   62,   97,   17,  103,   28,   98,   22],
[34,   39,   37,   35,   22,   21,   21,   67,   62,   40,   32,   89,   20,   25,   68,   32,   73,   25,   28,   44,   17,   28,   52,   83,    6,   76,   43,   82,   57,   82,   62,   19,   60,   32,   51,   88,   90,   56,   25,   70,    3,   32,   53,   92,   56,   81,   33,   23,   89,   85,   59,   31,    1,   76,   22,   73,   26,   31,   24,   87,   47,   82,    0,   70,   27,   17,   66,   26,   57,   18,   94],
[37,   66,   62,   71,   77,   79,   86,   35,    8,   31,   53,   24,   64,   87,    5,   74,   47,   75,   47,   42,   82,   70,   23,   75,   69,    6,   66,   26,   14,   13,   78,   66,   60,   47,   19,   29,   22,   30,   55,   18,   72,   81,   31,   28,   47,   24,   69,   70,   20,   35,   35,   45,   72,   65,   50,    5,   69,   62,   62,   17,   62,   20,   70,    0,   56,   86,   12,   94,   13,   84,   23],
[21,   15,   53,   55,   48,   24,   33,   43,   50,   26,    5,   70,   10,   32,   56,   54,   47,   50,   34,   50,   30,   14,   46,   56,   31,   61,   18,   60,   42,   67,   38,   11,   33,   40,   38,   66,   73,   34,   38,   63,   27,   25,   52,   72,   29,   60,   14,   46,   73,   61,   34,   11,   28,   48,   27,   58,   47,    7,    6,   72,   21,   62,   27,   56,    0,   37,   48,   41,   44,   45,   78],
[50,   44,   50,   46,   29,   18,   11,   80,   78,   55,   42,  104,   28,   16,   84,   41,   84,   34,   45,   60,    9,   31,   68,   89,   20,   92,   48,   96,   73,   98,   65,   26,   67,   48,   67,  102,  106,   70,   41,   87,   14,   29,   69,  107,   66,   96,   37,   34,  105,   98,   72,   44,   15,   83,   38,   89,   37,   38,   33,  103,   54,   97,   17,   86,   37,    0,   81,   10,   74,   17,  110],
[31,   55,   64,   72,   76,   72,   79,   22,   13,   26,   44,   24,   57,   79,   16,   74,   35,   75,   46,   46,   76,   61,   27,   62,   66,   15,   55,   19,    9,   20,   66,   58,   48,   48,   16,   24,   25,   18,   55,   29,   67,   72,   37,   27,   35,   18,   59,   69,   25,   27,   23,   37,   67,   52,   47,   11,   69,   52,   53,   24,   50,   17,   66,   12,   48,   81,    0,   87,   12,   81,   31],
[57,   45,   60,   55,   39,   18,    9,   84,   86,   62,   46,  110,   31,   12,   92,   51,   86,   44,   54,   70,   11,   32,   77,   88,   30,   99,   48,  101,   80,  105,   63,   30,   68,   58,   74,  107,  113,   75,   50,   95,   23,   26,   78,  113,   69,  101,   37,   44,  112,  102,   76,   50,   24,   83,   47,   96,   47,   40,   36,  110,   55,  103,   26,   94,   41,   10,   87,    0,   81,   27,  117],
[24,   55,   52,   60,   65,   67,   73,   32,    5,   19,   42,   34,   52,   74,   12,   63,   45,   64,   35,   34,   70,   58,   15,   70,   57,   18,   55,   31,    5,   25,   70,   53,   53,   36,    6,   36,   34,   23,   44,   22,   59,   69,   25,   38,   40,   30,   57,   59,   32,   39,   30,   33,   59,   60,   37,   16,   58,   50,   50,   30,   52,   28,   57,   13,   44,   74,   12,   81,    0,   72,   36],
[51,   56,   36,   30,   13,   33,   28,   85,   76,   56,   50,  105,   37,   33,   81,   25,   91,   18,   38,   51,   25,   44,   63,  100,   16,   90,   60,   98,   72,   97,   78,   36,   77,   40,   66,  104,  105,   74,   31,   81,   18,   45,   62,  108,   74,   98,   50,   20,  104,  102,   77,   48,   17,   93,   34,   88,   23,   49,   42,  102,   65,   98,   18,   84,   45,   17,   81,   27,   72,    0,  107],
[60,   86,   83,   92,  100,  102,  109,   47,   31,   54,   75,   17,   87,  110,   26,   96,   58,   98,   69,   63,  105,   92,   45,   85,   93,   18,   85,   29,   37,   11,   95,   88,   76,   70,   42,   27,    9,   48,   78,   32,   96,  103,   51,   20,   64,   27,   90,   93,    7,   37,   52,   68,   95,   76,   73,   21,   91,   83,   84,    7,   80,   22,   94,   23,   78,  110,   31,  117,   36,  107,    0]];