//numero de Clientes
100
//Capacidade dos veiculos
140

//Coordenada do Deposito 
44, 41

//Coordenadas dos Clientes 
68, 27
83, 45
36, 4
63, 9
52, 2
92, 40
88, 73
46, 97
8, 88
69, 34
4, 22
91, 46
48, 26
31, 44
98, 34
36, 62
43, 37
44, 8
85, 7
1, 1
49, 63
60, 30
95, 83
30, 4
4, 52
68, 40
16, 67
43, 24
63, 63
29, 77
67, 83
99, 36
16, 18
78, 45
27, 77
87, 61
63, 63
84, 92
58, 63
37, 3
3, 44
66, 38
50, 62
6, 35
54, 97
83, 49
29, 32
76, 2
96, 8
93, 70
63, 33
98, 6
40, 51
83, 94
72, 36
15, 21
75, 50
51, 38
80, 20
52, 71
43, 27
80, 99
61, 36
10, 97
71, 22
38, 38
68, 94
94, 40
3, 53
27, 91
27, 2
69, 94
8, 95
20, 55
38, 1
21, 13
12, 67
85, 81
2, 56
10, 22
13, 66
8, 18
52, 85
88, 3
28, 83
72, 72
41, 94
28, 94
93, 35
40, 32
27, 2
88, 73
60, 98
47, 63
13, 92
64, 71
2, 23
50, 25
59, 63
50, 95

//Demanda dos Clientes:
q = [22, 34, 6, 29, 32, 15, 22, 16, 11, 36, 31, 37, 6, 12, 5, 31, 13, 36, 28, 38, 32, 1, 5, 40, 23, 29, 40, 25, 2, 23, 1, 25, 30, 30, 19, 6, 9, 35, 2, 31, 7, 36, 20, 6, 36, 18, 24, 10, 23, 26, 3, 1, 26, 17, 26, 19, 11, 31, 31, 17, 27, 24, 13, 28, 32, 37, 6, 24, 20, 35, 34, 4, 16, 17, 23, 16, 22, 32, 21, 13, 24, 23, 8, 35, 22, 14, 22, 17, 28, 5, 35, 29, 4, 20, 19, 36, 24, 7, 28, 12];

d = [   [0,   28,   39,   38,   37,   40,   48,   54,   56,   59,   26,   44,   47,   16,   13,   54,   22,    4,   33,   53,   59,   23,   19,   66,   40,   41,   24,   38,   17,   29,   39,   48,   55,   36,   34,   40,   47,   29,   65,   26,   39,   41,   22,   22,   38,   57,   40,   17,   50,   62,   57,   21,   64,   11,   66,   28,   35,   32,    8,   42,   31,   14,   68,   18,   66,   33,    7,   58,   50,   43,   53,   43,   59,   65,   28,   40,   36,   41,   57,   45,   39,   40,   43,   45,   58,   45,   42,   53,   55,   49,   10,   43,   54,   59,   22,   60,   36,   46,   17,   27,   54],
[28,    0,   23,   39,   19,   30,   27,   50,   73,   86,    7,   64,   30,   20,   41,   31,   47,   27,   31,   26,   72,   41,    9,   62,   44,   69,   13,   66,   25,   36,   63,   56,   32,   53,   21,   65,   39,   36,   67,   37,   39,   67,   11,   39,   63,   71,   27,   39,   26,   34,   50,    8,   37,   37,   69,   10,   53,   24,   20,   14,   47,   25,   73,   11,   91,    6,   32,   67,   29,   70,   76,   48,   67,   91,   56,   40,   49,   69,   57,   72,   58,   67,   61,   60,   31,   69,   45,   72,   78,   26,   28,   48,   50,   71,   42,   85,   44,   66,   18,   37,   70],
[39,   23,    0,   62,   41,   53,   10,   28,   64,   86,   18,   82,    8,   40,   52,   19,   50,   41,   54,   38,   93,   38,   27,   40,   67,   79,   16,   71,   45,   27,   63,   41,   18,   72,    5,   64,   16,   27,   47,   31,   62,   80,   18,   37,   78,   60,    4,   56,   44,   39,   27,   23,   42,   43,   49,   14,   72,    9,   33,   25,   40,   44,   54,   24,   90,   26,   46,   51,   12,   80,   72,   71,   51,   90,   64,   63,   70,   74,   36,   82,   77,   73,   80,   51,   42,   67,   29,   65,   74,   14,   45,   71,   28,   58,   40,   84,   32,   84,   39,   30,   60],
[38,   39,   62,    0,   27,   16,   67,   86,   94,   89,   45,   37,   69,   25,   40,   69,   58,   34,    9,   49,   35,   60,   35,   99,    6,   58,   48,   66,   21,   65,   73,   85,   71,   24,   59,   74,   76,   65,  100,   63,    1,   52,   45,   60,   43,   95,   65,   29,   40,   60,   87,   40,   62,   47,  102,   48,   27,   60,   37,   47,   69,   24,  105,   41,   97,   39,   34,   96,   68,   59,   87,    9,   96,   95,   53,    4,   17,   67,   91,   62,   32,   66,   31,   83,   52,   79,   77,   90,   90,   65,   28,    9,   86,   97,   60,   91,   73,   39,   25,   63,   92],
[37,   19,   41,   27,    0,   13,   42,   69,   90,   96,   26,   60,   46,   23,   47,   43,   59,   34,   19,   22,   63,   56,   21,   81,   33,   73,   31,   75,   25,   54,   76,   74,   45,   48,   39,   77,   57,   54,   86,   54,   27,   69,   29,   55,   63,   88,   45,   41,   15,   33,   68,   24,   35,   48,   87,   28,   49,   43,   31,   20,   63,   27,   92,   27,  103,   15,   38,   85,   44,   74,   90,   37,   85,  102,   63,   26,   42,   77,   75,   77,   55,   76,   56,   77,   26,   82,   64,   88,   92,   40,   33,   37,   69,   89,   56,   97,   62,   63,   21,   54,   87],
[40,   30,   53,   16,   13,    0,   55,   80,   95,   97,   36,   52,   59,   24,   47,   56,   62,   36,   10,   33,   51,   61,   29,   92,   22,   69,   41,   74,   24,   62,   78,   82,   58,   39,   50,   79,   69,   62,   96,   61,   15,   65,   39,   60,   57,   95,   56,   38,   24,   44,   79,   33,   46,   50,   97,   39,   42,   53,   36,   33,   69,   27,  101,   35,  104,   28,   39,   93,   57,   71,   92,   25,   94,  103,   62,   14,   33,   76,   86,   74,   47,   75,   47,   83,   36,   84,   73,   93,   95,   53,   32,   25,   80,   96,   61,   98,   70,   54,   23,   61,   93],
[48,   27,   10,   67,   42,   55,    0,   33,   73,   97,   24,   90,    6,   46,   61,    8,   60,   49,   58,   34,   99,   49,   34,   43,   72,   89,   24,   81,   52,   37,   73,   50,    8,   79,   15,   75,   22,   37,   53,   41,   66,   89,   26,   47,   86,   69,   13,   64,   41,   32,   30,   30,   35,   53,   55,   20,   79,   20,   41,   23,   51,   51,   60,   31,  100,   28,   54,   59,    2,   90,   83,   75,   59,  100,   74,   67,   76,   84,   42,   91,   84,   83,   87,   60,   37,   77,   38,   74,   84,    5,   53,   75,   33,   66,   51,   95,   42,   92,   45,   40,   69],
[54,   50,   28,   86,   69,   80,   33,    0,   48,   81,   43,   98,   27,   62,   64,   40,   53,   58,   78,   66,  113,   40,   51,   12,   90,   87,   39,   72,   67,   27,   59,   23,   39,   91,   30,   61,   12,   27,   19,   32,   87,   90,   41,   40,   90,   42,   25,   72,   72,   65,    6,   47,   68,   53,   22,   40,   90,   26,   51,   54,   36,   64,   27,   46,   82,   54,   61,   29,   34,   87,   64,   94,   28,   83,   70,   88,   90,   76,    9,   88,   93,   75,   97,   38,   70,   61,   16,   51,   64,   38,   63,   94,    0,   38,   42,   77,   24,   99,   61,   31,   44],
[56,   73,   64,   94,   90,   95,   73,   48,    0,   39,   67,   86,   68,   71,   55,   82,   36,   60,   89,   98,  106,   34,   68,   51,   94,   62,   61,   42,   73,   38,   26,   25,   81,   85,   61,   28,   55,   38,   38,   36,   94,   68,   62,   35,   74,    8,   61,   67,  100,  102,   54,   66,  105,   46,   37,   66,   82,   55,   59,   84,   27,   70,   34,   63,   36,   79,   60,   22,   75,   62,   20,   97,   23,   38,   49,   96,   88,   45,   42,   60,   83,   45,   88,   13,  103,   23,   36,    6,   18,   78,   65,   97,   48,   14,   34,   33,   32,   86,   72,   36,    4],
[59,   86,   86,   89,   96,   97,   97,   81,   39,    0,   81,   66,   93,   74,   50,  105,   38,   62,   88,  112,   87,   48,   78,   87,   87,   36,   77,   22,   73,   60,   24,   59,  105,   70,   82,   22,   83,   60,   76,   56,   90,   44,   77,   49,   53,   47,   85,   60,  110,  119,   87,   78,  122,   49,   75,   82,   67,   77,   66,   99,   47,   70,   73,   74,    9,   91,   58,   60,   98,   35,   19,   88,   61,    7,   35,   92,   76,   21,   77,   33,   66,   23,   70,   44,  117,   21,   66,   34,   21,  100,   64,   88,   81,   53,   46,    6,   59,   65,   76,   57,   43],
[26,    7,   18,   45,   26,   36,   24,   43,   67,   81,    0,   66,   25,   22,   39,   29,   43,   26,   36,   31,   76,   35,   10,   55,   49,   67,    6,   62,   28,   30,   59,   49,   30,   55,   14,   60,   32,   30,   60,   31,   45,   67,    5,   34,   63,   65,   21,   40,   33,   37,   43,    6,   40,   34,   62,    4,   56,   17,   18,   18,   41,   27,   66,    8,   86,   12,   31,   60,   26,   69,   71,   53,   60,   86,   53,   45,   52,   66,   50,   71,   60,   64,   63,   54,   36,   64,   38,   66,   73,   24,   29,   53,   43,   65,   36,   81,   37,   68,   21,   31,   64],
[44,   64,   82,   37,   60,   52,   90,   98,   86,   66,   66,    0,   90,   44,   35,   95,   51,   42,   42,   82,   21,   61,   57,  110,   32,   30,   66,   47,   39,   72,   60,   88,   96,   13,   77,   60,   92,   72,  106,   68,   38,   22,   64,   61,   13,   90,   83,   27,   75,   93,  101,   60,   95,   46,  107,   69,   11,   76,   50,   76,   69,   39,  108,   59,   75,   67,   38,   96,   92,   31,   73,   30,   97,   73,   37,   40,   19,   46,  100,   34,    6,   45,    6,   79,   86,   66,   84,   81,   76,   90,   37,   30,   98,   94,   59,   71,   77,    2,   46,   69,   86],
[47,   30,    8,   69,   46,   59,    6,   27,   68,   93,   25,   90,    0,   47,   60,   14,   57,   49,   60,   39,  101,   45,   35,   37,   74,   87,   24,   78,   53,   33,   69,   44,   13,   80,   13,   71,   16,   33,   47,   37,   69,   88,   26,   44,   86,   63,    9,   64,   46,   38,   24,   31,   41,   51,   49,   21,   80,   16,   41,   28,   46,   52,   54,   32,   96,   31,   54,   53,    7,   88,   78,   78,   53,   96,   72,   70,   77,   82,   36,   90,   84,   81,   88,   55,   43,   73,   32,   69,   79,   11,   53,   78,   27,   61,   47,   91,   37,   92,   46,   36,   64],
[16,   20,   40,   25,   23,   24,   46,   62,   71,   74,   22,   44,   47,    0,   25,   51,   38,   12,   18,   42,   53,   37,   13,   74,   28,   51,   24,   52,    5,   40,   54,   60,   52,   33,   36,   55,   52,   40,   75,   38,   25,   48,   22,   36,   43,   71,   42,   20,   37,   51,   63,   17,   54,   26,   76,   26,   33,   36,   12,   33,   45,    5,   80,   16,   81,   23,   16,   71,   48,   52,   68,   32,   71,   80,   40,   27,   30,   55,   66,   55,   38,   53,   41,   59,   46,   60,   52,   68,   71,   46,   10,   32,   62,   73,   37,   75,   48,   46,    2,   39,   69],
[13,   41,   52,   40,   47,   47,   61,   64,   55,   50,   39,   35,   60,   25,    0,   68,   19,   14,   38,   65,   52,   26,   32,   75,   40,   28,   37,   27,   23,   37,   33,   53,   68,   30,   47,   33,   59,   37,   72,   33,   41,   28,   36,   26,   27,   58,   52,   12,   62,   74,   67,   34,   77,   11,   72,   42,   28,   44,   21,   55,   34,   21,   74,   31,   57,   46,    9,   62,   63,   29,   47,   42,   63,   56,   16,   44,   33,   30,   65,   31,   30,   28,   35,   46,   70,   39,   50,   51,   50,   63,   15,   42,   64,   61,   25,   51,   43,   36,   27,   34,   54],
[54,   31,   19,   69,   43,   56,    8,   40,   82,  105,   29,   95,   14,   51,   68,    0,   68,   55,   60,   30,  102,   57,   38,   49,   74,   96,   31,   88,   56,   45,   81,   58,    2,   84,   23,   83,   29,   45,   60,   49,   68,   96,   32,   56,   92,   77,   21,   69,   39,   26,   36,   35,   28,   60,   62,   26,   84,   28,   47,   23,   59,   55,   67,   37,  108,   30,   60,   67,    7,   97,   91,   78,   67,  109,   81,   68,   80,   92,   49,   98,   89,   91,   91,   69,   33,   85,   46,   83,   92,    5,   58,   78,   40,   74,   59,  103,   50,   97,   49,   49,   78],
[22,   47,   50,   58,   59,   62,   60,   53,   36,   38,   43,   51,   57,   38,   19,   68,    0,   26,   55,   74,   70,   13,   40,   63,   58,   34,   39,   21,   39,   27,   17,   37,   68,   48,   45,   17,   51,   27,   57,   22,   59,   38,   38,   14,   40,   39,   49,   31,   72,   81,   58,   40,   84,   12,   57,   44,   46,   41,   28,   61,   18,   36,   57,   36,   44,   53,   24,   45,   62,   34,   30,   61,   46,   43,   17,   61,   51,   25,   53,   35,   48,   23,   52,   28,   79,   22,   37,   32,   33,   63,   30,   61,   53,   43,   11,   38,   29,   52,   40,   23,   36],
[4,   27,   41,   34,   34,   36,   49,   58,   60,   62,   26,   42,   49,   12,   14,   55,   26,    0,   29,   52,   55,   27,   18,   69,   35,   42,   25,   40,   13,   33,   42,   52,   56,   33,   36,   43,   50,   33,   69,   30,   35,   41,   23,   26,   37,   61,   42,   15,   48,   60,   60,   20,   63,   14,   70,   29,   32,   35,    8,   41,   35,   10,   72,   18,   68,   32,    5,   62,   51,   43,   56,   38,   63,   68,   29,   36,   33,   43,   61,   45,   36,   42,   40,   49,   56,   48,   45,   57,   59,   50,    6,   38,   58,   63,   26,   63,   40,   43,   14,   31,   58],
[33,   31,   54,    9,   19,   10,   58,   78,   89,   88,   36,   42,   60,   18,   38,   60,   55,   29,    0,   41,   44,   55,   27,   91,   15,   59,   40,   65,   16,   58,   71,   78,   62,   30,   50,   71,   68,   58,   93,   57,    9,   55,   37,   54,   47,   90,   57,   28,   33,   52,   79,   31,   54,   43,   94,   40,   32,   52,   31,   38,   64,   19,   98,   33,   95,   30,   31,   89,   59,   61,   85,   18,   90,   94,   53,    9,   24,   67,   84,   64,   37,   66,   37,   77,   44,   77,   70,   86,   87,   56,   24,   18,   78,   91,   55,   90,   66,   45,   18,   57,   87],
[53,   26,   38,   49,   22,   33,   34,   66,   98,  112,   31,   82,   39,   42,   65,   30,   74,   52,   41,    0,   84,   67,   34,   77,   55,   93,   37,   91,   45,   60,   90,   78,   32,   70,   39,   91,   54,   60,   85,   62,   48,   90,   36,   65,   84,   95,   42,   61,   10,   11,   64,   34,   13,   63,   87,   32,   71,   44,   46,   14,   72,   47,   92,   38,  117,   21,   56,   89,   34,   94,  102,   58,   88,  117,   81,   47,   64,   94,   74,   96,   76,   93,   78,   85,    5,   95,   66,   97,  104,   29,   51,   58,   66,   94,   68,  111,   67,   85,   39,   62,   95],
[59,   72,   93,   35,   63,   51,   99,  113,  106,   87,   76,   21,  101,   53,   52,  102,   70,   55,   44,   84,    0,   78,   66,  125,   29,   51,   78,   68,   48,   88,   81,  105,  104,   23,   89,   80,  105,   88,  123,   84,   36,   43,   75,   78,   34,  110,   95,   42,   75,   95,  115,   70,   97,   63,  124,   79,   24,   89,   62,   81,   87,   49,  126,   69,   96,   73,   52,  115,  101,   52,   94,   26,  115,   94,   57,   37,   23,   67,  116,   55,   23,   66,   18,   98,   87,   86,  100,  101,   97,   98,   50,   26,  113,  114,   77,   92,   94,   22,   55,   85,  106],
[23,   41,   38,   60,   56,   61,   49,   40,   34,   48,   35,   61,   45,   37,   26,   57,   13,   27,   55,   67,   78,    0,   35,   50,   62,   46,   30,   33,   39,   14,   24,   27,   57,   56,   34,   26,   38,   14,   45,    9,   61,   50,   30,    1,   51,   34,   37,   37,   67,   72,   45,   33,   75,   15,   46,   35,   54,   29,   25,   53,    9,   36,   48,   30,   52,   47,   27,   36,   51,   47,   36,   65,   37,   52,   30,   63,   57,   37,   40,   48,   57,   36,   61,   22,   72,   29,   25,   32,   37,   52,   32,   65,   40,   37,    2,   46,   17,   62,   38,   10,   32],
[19,    9,   27,   35,   21,   29,   34,   51,   68,   78,   10,   57,   35,   13,   32,   38,   40,   18,   27,   34,   66,   35,    0,   64,   40,   60,   13,   57,   18,   33,   56,   53,   39,   46,   23,   57,   41,   33,   66,   33,   35,   59,   10,   34,   54,   67,   30,   31,   32,   42,   52,    4,   45,   29,   68,   13,   46,   25,   12,   22,   42,   17,   72,    6,   84,   14,   23,   64,   35,   61,   69,   43,   65,   83,   47,   36,   43,   61,   57,   64,   51,   59,   53,   56,   39,   62,   44,   67,   72,   33,   20,   43,   51,   68,   35,   78,   41,   58,   11,   33,   66],
[66,   62,   40,   99,   81,   92,   43,   12,   51,   87,   55,  110,   37,   74,   75,   49,   63,   69,   91,   77,  125,   50,   64,    0,  102,   96,   51,   81,   79,   38,   66,   28,   47,  102,   42,   68,   23,   38,   14,   42,   99,  100,   54,   50,  101,   43,   36,   83,   83,   75,   13,   59,   77,   64,   16,   52,  101,   39,   63,   65,   45,   76,   22,   58,   86,   66,   73,   29,   43,   97,   68,  106,   28,   88,   80,  100,  102,   85,   10,   97,  105,   84,  109,   43,   80,   67,   25,   55,   68,   48,   75,  106,   12,   38,   52,   82,   33,  111,   73,   41,   47],
[40,   44,   67,    6,   33,   22,   72,   90,   94,   87,   49,   32,   74,   28,   40,   74,   58,   35,   15,   55,   29,   62,   40,  102,    0,   55,   52,   65,   24,   68,   73,   87,   76,   20,   63,   73,   81,   68,  103,   65,    7,   48,   50,   61,   39,   96,   70,   28,   46,   66,   91,   44,   68,   48,  104,   53,   23,   64,   40,   52,   71,   26,  107,   45,   95,   45,   35,   98,   73,   56,   87,    4,   98,   94,   52,    9,   13,   66,   95,   59,   27,   64,   26,   84,   58,   79,   80,   91,   90,   70,   30,    4,   90,   99,   61,   90,   75,   34,   29,   66,   93],
[41,   69,   79,   58,   73,   69,   89,   87,   62,   36,   67,   30,   87,   51,   28,   96,   34,   42,   59,   93,   51,   46,   60,   96,   55,    0,   65,   19,   48,   60,   35,   70,   96,   36,   74,   34,   83,   60,   89,   55,   59,    8,   64,   47,   17,   67,   79,   32,   88,  102,   91,   62,  105,   36,   89,   70,   33,   71,   49,   82,   52,   46,   89,   59,   45,   73,   37,   77,   91,    1,   45,   55,   77,   43,   16,   61,   43,   17,   86,    4,   31,   17,   34,   58,   97,   39,   71,   56,   48,   91,   41,   55,   87,   72,   44,   41,   63,   29,   53,   56,   63],
[24,   13,   16,   48,   31,   41,   24,   39,   61,   77,    6,   66,   24,   24,   37,   31,   39,   25,   40,   37,   78,   30,   13,   51,   52,   65,    0,   59,   30,   24,   54,   43,   31,   56,   11,   55,   28,   24,   54,   25,   48,   65,    3,   28,   62,   59,   17,   40,   39,   43,   39,    9,   45,   30,   56,    6,   56,   12,   17,   23,   35,   28,   60,    8,   81,   18,   30,   54,   26,   66,   65,   56,   54,   81,   50,   49,   54,   62,   44,   68,   61,   61,   64,   48,   42,   59,   32,   60,   67,   25,   29,   56,   39,   59,   31,   76,   31,   68,   23,   25,   58],
[38,   66,   71,   66,   75,   74,   81,   72,   42,   22,   62,   47,   78,   52,   27,   88,   21,   40,   65,   91,   68,   33,   57,   81,   65,   19,   59,    0,   51,   47,   16,   53,   89,   49,   66,   15,   71,   47,   72,   42,   67,   26,   58,   34,   34,   48,   69,   37,   88,   99,   77,   58,  102,   29,   72,   64,   46,   61,   45,   79,   36,   48,   72,   55,   31,   71,   36,   59,   83,   19,   26,   66,   59,   29,   13,   70,   54,    4,   70,   18,   45,    3,   50,   40,   96,   20,   56,   37,   30,   83,   42,   66,   72,   54,   31,   25,   48,   46,   54,   43,   44],
[17,   25,   45,   21,   25,   24,   52,   67,   73,   73,   28,   39,   53,    5,   23,   56,   39,   13,   16,   45,   48,   39,   18,   79,   24,   48,   30,   51,    0,   44,   55,   64,   57,   28,   41,   55,   57,   44,   79,   42,   22,   45,   27,   39,   39,   74,   47,   16,   40,   55,   68,   22,   58,   27,   81,   31,   28,   41,   16,   37,   48,    3,   84,   22,   80,   28,   15,   74,   53,   49,   69,   27,   75,   79,   39,   24,   25,   53,   71,   52,   33,   52,   36,   62,   50,   61,   56,   70,   72,   51,    9,   27,   67,   76,   39,   74,   51,   41,    7,   42,   71],
[29,   36,   27,   65,   54,   62,   37,   27,   38,   60,   30,   72,   33,   40,   37,   45,   27,   33,   58,   60,   88,   14,   33,   38,   68,   60,   24,   47,   44,    0,   37,   20,   45,   65,   23,   39,   24,    0,   36,    5,   65,   63,   25,   13,   64,   35,   24,   46,   62,   64,   31,   30,   67,   26,   37,   28,   64,   18,   28,   46,   14,   41,   40,   27,   63,   42,   35,   31,   39,   61,   46,   71,   32,   64,   44,   67,   65,   51,   28,   61,   67,   50,   71,   25,   65,   40,   13,   38,   47,   41,   39,   71,   27,   35,   16,   58,    8,   73,   40,    4,   35],
[39,   63,   63,   73,   76,   78,   73,   59,   26,   24,   59,   60,   69,   54,   33,   81,   17,   42,   71,   90,   81,   24,   56,   66,   73,   35,   54,   16,   55,   37,    0,   38,   81,   60,   59,    2,   60,   37,   57,   32,   74,   42,   54,   26,   48,   32,   61,   45,   89,   96,   64,   56,   99,   28,   57,   59,   58,   53,   45,   76,   24,   52,   56,   52,   28,   69,   40,   43,   75,   35,   14,   75,   43,   28,   24,   77,   64,   20,   56,   34,   58,   19,   63,   24,   95,    6,   43,   21,   17,   77,   46,   75,   59,   37,   23,   22,   36,   60,   56,   33,   28],
[48,   56,   41,   85,   74,   82,   50,   23,   25,   59,   49,   88,   44,   60,   53,   58,   37,   52,   78,   78,  105,   27,   53,   28,   87,   70,   43,   53,   64,   20,   38,    0,   57,   83,   40,   40,   30,   20,   19,   22,   85,   75,   45,   27,   78,   19,   38,   64,   81,   80,   29,   50,   83,   42,   19,   47,   81,   34,   48,   64,   19,   61,   21,   47,   59,   61,   54,   11,   51,   71,   41,   90,   11,   60,   55,   87,   84,   57,   18,   70,   83,   57,   88,   15,   83,   39,   12,   28,   41,   55,   58,   90,   23,   17,   28,   55,   12,   88,   60,   22,   21],
[55,   32,   18,   71,   45,   58,    8,   39,   81,  105,   30,   96,   13,   52,   68,    2,   68,   56,   62,   32,  104,   57,   39,   47,   76,   96,   31,   89,   57,   45,   81,   57,    0,   85,   23,   83,   28,   45,   58,   49,   70,   96,   33,   55,   93,   76,   21,   70,   41,   28,   35,   36,   30,   61,   60,   27,   85,   28,   48,   25,   59,   57,   66,   38,  108,   31,   61,   66,    6,   97,   91,   80,   65,  108,   81,   70,   81,   92,   47,   99,   90,   91,   93,   68,   35,   85,   45,   82,   92,    6,   59,   80,   39,   73,   59,  103,   49,   98,   50,   48,   77],
[36,   53,   72,   24,   48,   39,   79,   91,   85,   70,   55,   13,   80,   33,   30,   84,   48,   33,   30,   70,   23,   56,   46,  102,   20,   36,   56,   49,   28,   65,   60,   83,   85,    0,   68,   60,   83,   65,  100,   62,   26,   29,   54,   56,   20,   88,   74,   19,   62,   81,   93,   49,   83,   41,  101,   59,    3,   67,   40,   64,   64,   28,  103,   48,   79,   55,   30,   92,   81,   37,   74,   19,   93,   77,   37,   28,    7,   49,   93,   40,    7,   48,    8,   76,   74,   66,   78,   80,   77,   79,   28,   19,   91,   91,   55,   74,   72,   15,   35,   62,   84],
[34,   21,    5,   59,   39,   50,   15,   30,   61,   82,   14,   77,   13,   36,   47,   23,   45,   36,   50,   39,   89,   34,   23,   42,   63,   74,   11,   66,   41,   23,   59,   40,   23,   68,    0,   60,   18,   23,   47,   27,   59,   75,   14,   33,   73,   57,    6,   51,   43,   41,   29,   19,   44,   38,   49,   11,   67,    6,   28,   25,   37,   39,   54,   19,   86,   24,   41,   50,   17,   75,   69,   67,   50,   86,   59,   59,   65,   70,   37,   77,   72,   68,   75,   48,   43,   63,   28,   61,   70,   18,   40,   67,   30,   56,   36,   80,   30,   79,   34,   26,   57],
[40,   65,   64,   74,   77,   79,   75,   61,   28,   22,   60,   60,   71,   55,   33,   83,   17,   43,   71,   91,   80,   26,   57,   68,   73,   34,   55,   15,   55,   39,    2,   40,   83,   60,   60,    0,   62,   39,   59,   34,   75,   41,   55,   27,   47,   34,   63,   45,   90,   98,   66,   57,  100,   29,   59,   61,   57,   55,   46,   78,   26,   52,   57,   53,   26,   70,   41,   44,   77,   34,   14,   75,   45,   26,   23,   77,   64,   18,   58,   33,   58,   18,   62,   26,   96,    6,   45,   22,   17,   78,   47,   75,   61,   39,   24,   21,   37,   60,   57,   35,   29],
[47,   39,   16,   76,   57,   69,   22,   12,   55,   83,   32,   92,   16,   52,   59,   29,   51,   50,   68,   54,  105,   38,   41,   23,   81,   83,   28,   71,   57,   24,   60,   30,   28,   83,   18,   62,    0,   24,   31,   29,   77,   86,   31,   37,   85,   49,   13,   65,   60,   54,   11,   37,   56,   48,   33,   29,   82,   16,   43,   42,   36,   56,   39,   36,   85,   42,   54,   38,   22,   84,   67,   84,   38,   86,   67,   77,   82,   75,   20,   85,   86,   74,   90,   42,   58,   63,   19,   57,   68,   27,   55,   84,   12,   46,   40,   80,   25,   93,   52,   28,   50],
[29,   36,   27,   65,   54,   62,   37,   27,   38,   60,   30,   72,   33,   40,   37,   45,   27,   33,   58,   60,   88,   14,   33,   38,   68,   60,   24,   47,   44,    0,   37,   20,   45,   65,   23,   39,   24,    0,   36,    5,   65,   63,   25,   13,   64,   35,   24,   46,   62,   64,   31,   30,   67,   26,   37,   28,   64,   18,   28,   46,   14,   41,   40,   27,   63,   42,   35,   31,   39,   61,   46,   71,   32,   64,   44,   67,   65,   51,   28,   61,   67,   50,   71,   25,   65,   40,   13,   38,   47,   41,   39,   71,   27,   35,   16,   58,    8,   73,   40,    4,   35],
[65,   67,   47,  100,   86,   96,   53,   19,   38,   76,   60,  106,   47,   75,   72,   60,   57,   69,   93,   85,  123,   45,   66,   14,  103,   89,   54,   72,   79,   36,   57,   19,   58,  100,   47,   59,   31,   36,    0,   39,  101,   94,   57,   45,   97,   30,   43,   81,   90,   85,   24,   63,   87,   60,    2,   57,   99,   43,   63,   72,   38,   77,    8,   61,   74,   71,   71,   16,   53,   90,   57,  107,   15,   76,   74,  102,  101,   76,   11,   90,  102,   76,  106,   33,   89,   57,   23,   43,   56,   58,   74,  107,   19,   25,   47,   71,   29,  107,   75,   38,   34],
[26,   37,   31,   63,   54,   61,   41,   32,   36,   56,   31,   68,   37,   38,   33,   49,   22,   30,   57,   62,   84,    9,   33,   42,   65,   55,   25,   42,   42,    5,   32,   22,   49,   62,   27,   34,   29,    5,   39,    0,   64,   58,   26,    8,   59,   34,   29,   42,   64,   67,   36,   30,   70,   22,   40,   30,   60,   21,   26,   48,   10,   39,   42,   27,   59,   43,   32,   33,   43,   56,   42,   68,   33,   59,   39,   65,   62,   46,   32,   56,   63,   45,   67,   23,   67,   36,   17,   35,   43,   45,   36,   68,   32,   35,   11,   54,   10,   69,   39,    1,   33],
[39,   39,   62,    1,   27,   15,   66,   87,   94,   90,   45,   38,   69,   25,   41,   68,   59,   35,    9,   48,   36,   61,   35,   99,    7,   59,   48,   67,   22,   65,   74,   85,   70,   26,   59,   75,   77,   65,  101,   64,    0,   53,   45,   60,   45,   96,   65,   30,   39,   59,   87,   40,   61,   48,  102,   48,   28,   60,   38,   46,   70,   25,  105,   41,   98,   39,   35,   96,   68,   60,   89,   10,   96,   96,   55,    2,   19,   69,   92,   64,   33,   67,   33,   83,   51,   81,   77,   91,   91,   64,   29,   10,   87,   98,   61,   92,   73,   40,   26,   64,   93],
[41,   67,   80,   52,   69,   65,   89,   90,   68,   44,   67,   22,   88,   48,   28,   96,   38,   41,   55,   90,   43,   50,   59,  100,   48,    8,   65,   26,   45,   63,   42,   75,   96,   29,   75,   41,   86,   63,   94,   58,   53,    0,   63,   50,    9,   74,   80,   29,   84,  100,   94,   61,  102,   38,   94,   69,   26,   72,   48,   81,   56,   43,   95,   59,   53,   71,   36,   82,   91,    9,   53,   48,   83,   51,   20,   55,   36,   25,   90,   12,   23,   24,   26,   64,   94,   46,   74,   63,   56,   90,   39,   48,   90,   79,   48,   49,   67,   21,   51,   59,   69],
[22,   11,   18,   45,   29,   39,   26,   41,   62,   77,    5,   64,   26,   22,   36,   32,   38,   23,   37,   36,   75,   30,   10,   54,   50,   64,    3,   58,   27,   25,   54,   45,   33,   54,   14,   55,   31,   25,   57,   26,   45,   63,    0,   29,   60,   60,   20,   37,   37,   42,   42,    6,   45,   29,   59,    6,   54,   15,   15,   23,   36,   25,   63,    5,   81,   17,   28,   56,   28,   65,   66,   53,   56,   81,   49,   46,   51,   61,   47,   66,   58,   60,   61,   49,   41,   59,   35,   61,   68,   27,   27,   53,   41,   60,   31,   76,   33,   66,   21,   26,   59],
[22,   39,   37,   60,   55,   60,   47,   40,   35,   49,   34,   61,   44,   36,   26,   56,   14,   26,   54,   65,   78,    1,   34,   50,   61,   47,   28,   34,   39,   13,   26,   27,   55,   56,   33,   27,   37,   13,   45,    8,   60,   50,   29,    0,   52,   35,   35,   37,   65,   71,   44,   32,   74,   15,   46,   34,   54,   28,   24,   52,    9,   36,   48,   28,   53,   45,   27,   37,   49,   48,   37,   64,   37,   53,   31,   62,   57,   38,   40,   48,   57,   37,   61,   23,   70,   30,   24,   33,   39,   51,   32,   64,   40,   37,    3,   48,   17,   62,   37,    9,   33],
[38,   63,   78,   43,   63,   57,   86,   90,   74,   53,   63,   13,   86,   43,   27,   92,   40,   37,   47,   84,   34,   51,   54,  101,   39,   17,   62,   34,   39,   64,   48,   78,   93,   20,   73,   47,   85,   64,   97,   59,   45,    9,   60,   52,    0,   78,   78,   23,   77,   94,   94,   57,   96,   38,   97,   66,   17,   71,   45,   76,   58,   38,   98,   55,   62,   66,   32,   86,   88,   18,   60,   39,   86,   60,   24,   47,   27,   33,   91,   21,   14,   32,   17,   68,   88,   53,   76,   69,   63,   87,   34,   39,   90,   83,   50,   57,   68,   13,   45,   60,   74],
[57,   71,   60,   95,   88,   95,   69,   42,    8,   47,   65,   90,   63,   71,   58,   77,   39,   61,   90,   95,  110,   34,   67,   43,   96,   67,   59,   48,   74,   35,   32,   19,   76,   88,   57,   34,   49,   35,   30,   34,   96,   74,   60,   35,   78,    0,   56,   70,   98,   98,   47,   65,  101,   48,   29,   64,   85,   51,   59,   81,   26,   71,   26,   61,   44,   77,   61,   14,   70,   67,   28,   99,   15,   46,   54,   97,   90,   52,   35,   66,   87,   51,   91,   12,  100,   30,   31,   13,   26,   73,   66,   99,   42,    6,   35,   41,   28,   90,   72,   34,    4],
[40,   27,    4,   65,   45,   56,   13,   25,   61,   85,   21,   83,    9,   42,   52,   21,   49,   42,   57,   42,   95,   37,   30,   36,   70,   79,   17,   69,   47,   24,   61,   38,   21,   74,    6,   63,   13,   24,   43,   29,   65,   80,   20,   35,   78,   56,    0,   57,   48,   43,   23,   26,   46,   43,   45,   17,   74,    8,   34,   29,   38,   46,   50,   26,   87,   30,   46,   47,   14,   80,   70,   73,   47,   88,   63,   66,   72,   73,   32,   81,   78,   72,   81,   48,   46,   65,   25,   62,   71,   17,   46,   73,   25,   54,   39,   82,   29,   85,   41,   28,   57],
[17,   39,   56,   29,   41,   38,   64,   72,   67,   60,   40,   27,   64,   20,   12,   69,   31,   15,   28,   61,   42,   37,   31,   83,   28,   32,   40,   37,   16,   46,   45,   64,   70,   19,   51,   45,   65,   46,   81,   42,   30,   29,   37,   37,   23,   70,   57,    0,   56,   71,   74,   34,   74,   22,   82,   43,   18,   49,   23,   52,   45,   15,   84,   32,   68,   43,   11,   73,   65,   33,   59,   30,   74,   66,   25,   32,   21,   39,   74,   36,   21,   38,   25,   58,   66,   51,   59,   63,   62,   64,   11,   30,   72,   73,   36,   62,   52,   28,   22,   43,   66],
[50,   26,   44,   40,   15,   24,   41,   72,  100,  110,   33,   75,   46,   37,   62,   39,   72,   48,   33,   10,   75,   67,   32,   83,   46,   88,   39,   88,   40,   62,   89,   81,   41,   62,   43,   90,   60,   62,   90,   64,   39,   84,   37,   65,   77,   98,   48,   56,    0,   21,   70,   34,   22,   61,   92,   34,   64,   48,   44,   18,   73,   41,   97,   37,  116,   21,   52,   92,   42,   89,  102,   49,   92,  115,   77,   38,   56,   91,   80,   92,   69,   90,   70,   86,   12,   94,   70,   98,  104,   37,   47,   49,   72,   97,   68,  110,   70,   77,   35,   63,   97],
[62,   34,   39,   60,   33,   44,   32,   65,  102,  119,   37,   93,   38,   51,   74,   26,   81,   60,   52,   11,   95,   72,   42,   75,   66,  102,   43,   99,   55,   64,   96,   80,   28,   81,   41,   98,   54,   64,   85,   67,   59,  100,   42,   71,   94,   98,   43,   71,   21,    0,   62,   41,    3,   71,   87,   37,   82,   47,   54,   20,   77,   56,   92,   45,  124,   29,   65,   90,   32,  103,  108,   69,   90,  124,   89,   58,   75,  103,   74,  106,   87,  101,   89,   89,    9,  101,   68,  102,  110,   27,   61,   69,   65,   97,   74,  118,   71,   95,   49,   66,   98],
[57,   50,   27,   87,   68,   79,   30,    6,   54,   87,   43,  101,   24,   63,   67,   36,   58,   60,   79,   64,  115,   45,   52,   13,   91,   91,   39,   77,   68,   31,   64,   29,   35,   93,   29,   66,   11,   31,   24,   36,   87,   94,   42,   44,   94,   47,   23,   74,   70,   62,    0,   48,   64,   56,   26,   40,   92,   27,   53,   52,   41,   66,   32,   47,   87,   53,   64,   35,   30,   92,   69,   95,   34,   89,   75,   88,   92,   81,   14,   92,   96,   80,  100,   44,   67,   66,   21,   57,   69,   35,   65,   95,    6,   43,   47,   83,   29,  102,   62,   35,   50],
[21,    8,   23,   40,   24,   33,   30,   47,   66,   78,    6,   60,   31,   17,   34,   35,   40,   20,   31,   34,   70,   33,    4,   59,   44,   62,    9,   58,   22,   30,   56,   50,   36,   49,   19,   57,   37,   30,   63,   30,   40,   61,    6,   32,   57,   65,   26,   34,   34,   41,   48,    0,   44,   29,   64,    9,   49,   21,   13,   21,   40,   21,   68,    4,   83,   14,   25,   61,   32,   63,   68,   48,   61,   83,   48,   41,   47,   61,   53,   65,   54,   60,   57,   53,   39,   61,   40,   65,   70,   30,   23,   48,   47,   65,   34,   77,   38,   62,   15,   30,   63],
[64,   37,   42,   62,   35,   46,   35,   68,  105,  122,   40,   95,   41,   54,   77,   28,   84,   63,   54,   13,   97,   75,   45,   77,   68,  105,   45,  102,   58,   67,   99,   83,   30,   83,   44,  100,   56,   67,   87,   70,   61,  102,   45,   74,   96,  101,   46,   74,   22,    3,   64,   44,    0,   73,   89,   40,   84,   50,   57,   23,   80,   59,   95,   48,  127,   31,   68,   93,   34,  106,  111,   71,   93,  127,   92,   60,   77,  105,   76,  108,   89,  104,   91,   91,   10,  104,   71,  105,  112,   29,   64,   71,   68,  100,   76,  121,   73,   97,   52,   69,  101],
[11,   37,   43,   47,   48,   50,   53,   53,   46,   49,   34,   46,   51,   26,   11,   60,   12,   14,   43,   63,   63,   15,   29,   64,   48,   36,   30,   29,   27,   26,   28,   42,   61,   41,   38,   29,   48,   26,   60,   22,   48,   38,   29,   15,   38,   48,   43,   22,   61,   71,   56,   29,   73,    0,   61,   35,   39,   35,   17,   51,   23,   24,   62,   26,   55,   42,   13,   51,   55,   37,   42,   51,   52,   54,   20,   50,   42,   32,   54,   38,   42,   31,   46,   36,   68,   34,   38,   43,   45,   55,   19,   51,   53,   51,   14,   49,   31,   47,   28,   22,   45],
[66,   69,   49,  102,   87,   97,   55,   22,   37,   75,   62,  107,   49,   76,   72,   62,   57,   70,   94,   87,  124,   46,   68,   16,  104,   89,   56,   72,   81,   37,   57,   19,   60,  101,   49,   59,   33,   37,    2,   40,  102,   94,   59,   46,   97,   29,   45,   82,   92,   87,   26,   64,   89,   61,    0,   59,  100,   45,   64,   74,   39,   78,    6,   62,   73,   73,   72,   15,   55,   90,   56,  108,   14,   75,   74,  103,  102,   76,   13,   89,  103,   75,  107,   32,   91,   56,   25,   42,   55,   60,   75,  108,   22,   23,   48,   70,   30,  108,   76,   39,   33],
[28,   10,   14,   48,   28,   39,   20,   40,   66,   82,    4,   69,   21,   26,   42,   26,   44,   29,   40,   32,   79,   35,   13,   52,   53,   70,    6,   64,   31,   28,   59,   47,   27,   59,   11,   61,   29,   28,   57,   30,   48,   69,    6,   34,   66,   64,   17,   43,   34,   37,   40,    9,   40,   35,   59,    0,   59,   14,   21,   18,   40,   30,   64,   11,   87,   14,   34,   58,   22,   71,   71,   56,   58,   87,   55,   49,   56,   68,   47,   73,   64,   66,   66,   53,   37,   64,   36,   66,   73,   21,   32,   56,   40,   63,   37,   81,   36,   71,   25,   30,   63],
[35,   53,   72,   27,   49,   42,   79,   90,   82,   67,   56,   11,   80,   33,   28,   84,   46,   32,   32,   71,   24,   54,   46,  101,   23,   33,   56,   46,   28,   64,   58,   81,   85,    3,   67,   57,   82,   64,   99,   60,   28,   26,   54,   54,   17,   85,   74,   18,   64,   82,   92,   49,   84,   39,  100,   59,    0,   67,   40,   65,   62,   29,  102,   48,   76,   56,   29,   90,   81,   34,   71,   22,   91,   74,   34,   30,   10,   46,   92,   37,    5,   45,    8,   74,   75,   63,   76,   77,   74,   79,   27,   22,   90,   89,   53,   71,   70,   13,   35,   61,   82],
[32,   24,    9,   60,   43,   53,   20,   26,   55,   77,   17,   76,   16,   36,   44,   28,   41,   35,   52,   44,   89,   29,   25,   39,   64,   71,   12,   61,   41,   18,   53,   34,   28,   67,    6,   55,   16,   18,   43,   21,   60,   72,   15,   28,   71,   51,    8,   49,   48,   47,   27,   21,   50,   35,   45,   14,   67,    0,   27,   30,   31,   39,   49,   20,   80,   28,   39,   45,   21,   72,   63,   68,   44,   81,   55,   61,   65,   65,   33,   73,   71,   64,   74,   42,   49,   57,   22,   56,   64,   23,   39,   68,   26,   50,   31,   75,   24,   78,   35,   21,   51],
[8,   20,   33,   37,   31,   36,   41,   51,   59,   66,   18,   50,   41,   12,   21,   47,   28,    8,   31,   46,   62,   25,   12,   63,   40,   49,   17,   45,   16,   28,   45,   48,   48,   40,   28,   46,   43,   28,   63,   26,   38,   48,   15,   24,   45,   59,   34,   23,   44,   54,   53,   13,   57,   17,   64,   21,   40,   27,    0,   34,   33,   14,   68,   10,   72,   26,   13,   59,   43,   50,   58,   43,   59,   71,   35,   39,   39,   49,   55,   52,   44,   47,   47,   47,   51,   51,   40,   57,   61,   42,   13,   43,   51,   61,   25,   66,   35,   51,   13,   26,   57],
[42,   14,   25,   47,   20,   33,   23,   54,   84,   99,   18,   76,   28,   33,   55,   23,   61,   41,   38,   14,   81,   53,   22,   65,   52,   82,   23,   79,   37,   46,   76,   64,   25,   64,   25,   78,   42,   46,   72,   48,   46,   81,   23,   52,   76,   81,   29,   52,   18,   20,   52,   21,   23,   51,   74,   18,   65,   30,   34,    0,   58,   38,   79,   25,  104,    9,   46,   75,   24,   84,   89,   56,   75,  104,   69,   46,   59,   83,   61,   86,   70,   81,   72,   71,   19,   82,   53,   84,   90,   20,   42,   56,   54,   81,   54,   98,   53,   78,   30,   48,   81],
[31,   47,   40,   69,   63,   69,   51,   36,   27,   47,   41,   69,   46,   45,   34,   59,   18,   35,   64,   72,   87,    9,   42,   45,   71,   52,   35,   36,   48,   14,   24,   19,   59,   64,   37,   26,   36,   14,   38,   10,   70,   56,   36,    9,   58,   26,   38,   45,   73,   77,   41,   40,   80,   23,   39,   40,   62,   31,   33,   58,    0,   45,   40,   36,   49,   53,   36,   28,   52,   52,   32,   73,   29,   50,   36,   71,   66,   40,   34,   52,   65,   39,   69,   14,   77,   27,   20,   25,   33,   55,   41,   73,   36,   28,    9,   44,   12,   69,   46,   11,   24],
[14,   25,   44,   24,   27,   27,   51,   64,   70,   70,   27,   39,   52,    5,   21,   55,   36,   10,   19,   47,   49,   36,   17,   76,   26,   46,   28,   48,    3,   41,   52,   61,   57,   28,   39,   52,   56,   41,   77,   39,   25,   43,   25,   36,   38,   71,   46,   15,   41,   56,   66,   21,   59,   24,   78,   30,   29,   39,   14,   38,   45,    0,   81,   20,   77,   28,   12,   72,   53,   48,   66,   30,   72,   76,   36,   26,   26,   51,   68,   50,   33,   49,   36,   59,   51,   58,   54,   67,   69,   51,    6,   30,   64,   73,   36,   72,   49,   41,    7,   39,   68],
[68,   73,   54,  105,   92,  101,   60,   27,   34,   73,   66,  108,   54,   80,   74,   67,   57,   72,   98,   92,  126,   48,   72,   22,  107,   89,   60,   72,   84,   40,   56,   21,   66,  103,   54,   57,   39,   40,    8,   42,  105,   95,   63,   48,   98,   26,   50,   84,   97,   92,   32,   68,   95,   62,    6,   64,  102,   49,   68,   79,   40,   81,    0,   66,   70,   78,   74,   13,   61,   90,   54,  111,   12,   72,   74,  107,  104,   75,   19,   89,  104,   75,  108,   31,   96,   54,   28,   39,   52,   65,   78,  111,   27,   20,   49,   67,   32,  109,   80,   42,   30],
[18,   11,   24,   41,   27,   35,   31,   46,   63,   74,    8,   59,   32,   16,   31,   37,   36,   18,   33,   38,   69,   30,    6,   58,   45,   59,    8,   55,   22,   27,   52,   47,   38,   48,   19,   53,   36,   27,   61,   27,   41,   59,    5,   28,   55,   61,   26,   32,   37,   45,   47,    4,   48,   26,   62,   11,   48,   20,   10,   25,   36,   20,   66,    0,   80,   17,   23,   58,   33,   60,   65,   48,   59,   79,   45,   42,   46,   58,   51,   62,   53,   57,   56,   50,   43,   57,   38,   61,   67,   32,   21,   48,   46,   62,   30,   74,   35,   60,   16,   27,   60],
[66,   91,   90,   97,  103,  104,  100,   82,   36,    9,   86,   75,   96,   81,   57,  108,   44,   68,   95,  117,   96,   52,   84,   86,   95,   45,   81,   31,   80,   63,   28,   59,  108,   79,   86,   26,   85,   63,   74,   59,   98,   53,   81,   53,   62,   44,   87,   68,  116,  124,   87,   83,  127,   55,   73,   87,   76,   80,   72,  104,   49,   77,   70,   80,    0,   97,   65,   58,  102,   45,   18,   97,   59,    3,   43,  100,   85,   30,   77,   42,   75,   31,   79,   44,  122,   23,   67,   31,   18,  104,   72,   97,   82,   50,   50,    6,   60,   74,   82,   60,   40],
[33,    6,   26,   39,   15,   28,   28,   54,   79,   91,   12,   67,   31,   23,   46,   30,   53,   32,   30,   21,   73,   47,   14,   66,   45,   73,   18,   71,   28,   42,   69,   61,   31,   55,   24,   70,   42,   42,   71,   43,   39,   71,   17,   45,   66,   77,   30,   43,   21,   29,   53,   14,   31,   42,   73,   14,   56,   28,   26,    9,   53,   28,   78,   17,   97,    0,   37,   72,   29,   75,   82,   48,   72,   96,   61,   39,   51,   74,   61,   77,   61,   73,   63,   66,   25,   75,   50,   78,   84,   26,   33,   48,   54,   77,   48,   91,   49,   69,   21,   43,   76],
[7,   32,   46,   34,   38,   39,   54,   61,   60,   58,   31,   38,   54,   16,    9,   60,   24,    5,   31,   56,   52,   27,   23,   73,   35,   37,   30,   36,   15,   35,   40,   54,   61,   30,   41,   41,   54,   35,   71,   32,   35,   36,   28,   27,   32,   61,   46,   11,   52,   65,   64,   25,   68,   13,   72,   34,   29,   39,   13,   46,   36,   12,   74,   23,   65,   37,    0,   64,   56,   38,   54,   38,   64,   64,   25,   37,   30,   39,   64,   40,   32,   38,   36,   49,   61,   46,   48,   56,   57,   55,    6,   38,   61,   64,   27,   60,   42,   39,   18,   33,   58],
[58,   67,   51,   96,   85,   93,   59,   29,   22,   60,   60,   96,   53,   71,   62,   67,   45,   62,   89,   89,  115,   36,   64,   29,   98,   77,   54,   59,   74,   31,   43,   11,   66,   92,   50,   44,   38,   31,   16,   33,   96,   82,   56,   37,   86,   14,   47,   73,   92,   90,   35,   61,   93,   51,   15,   58,   90,   45,   59,   75,   28,   72,   13,   58,   58,   72,   64,    0,   60,   77,   41,  101,    1,   60,   62,   98,   94,   62,   21,   76,   92,   62,   97,   18,   93,   41,   22,   27,   40,   64,   68,  101,   29,    9,   37,   55,   23,   97,   71,   32,   18],
[50,   29,   12,   68,   44,   57,    2,   34,   75,   98,   26,   92,    7,   48,   63,    7,   62,   51,   59,   34,  101,   51,   35,   43,   73,   91,   26,   83,   53,   39,   75,   51,    6,   81,   17,   77,   22,   39,   53,   43,   68,   91,   28,   49,   88,   70,   14,   65,   42,   32,   30,   32,   34,   55,   55,   22,   81,   21,   43,   24,   52,   53,   61,   33,  102,   29,   56,   60,    0,   92,   84,   77,   60,  102,   76,   68,   78,   86,   42,   93,   86,   85,   89,   62,   37,   79,   39,   76,   85,    5,   55,   77,   34,   67,   52,   96,   43,   94,   46,   42,   70],
[43,   70,   80,   59,   74,   71,   90,   87,   62,   35,   69,   31,   88,   52,   29,   97,   34,   43,   61,   94,   52,   47,   61,   97,   56,    1,   66,   19,   49,   61,   35,   71,   97,   37,   75,   34,   84,   61,   90,   56,   60,    9,   65,   48,   18,   67,   80,   33,   89,  103,   92,   63,  106,   37,   90,   71,   34,   72,   50,   84,   52,   48,   90,   60,   45,   75,   38,   77,   92,    0,   45,   56,   78,   42,   17,   63,   44,   17,   87,    3,   32,   16,   35,   59,   99,   39,   72,   56,   48,   92,   43,   56,   87,   73,   45,   40,   64,   30,   55,   57,   63],
[53,   76,   72,   87,   90,   92,   83,   64,   20,   19,   71,   73,   78,   68,   47,   91,   30,   56,   85,  102,   94,   36,   69,   68,   87,   45,   65,   26,   69,   46,   14,   41,   91,   74,   69,   14,   67,   46,   57,   42,   89,   53,   66,   37,   60,   28,   70,   59,  102,  108,   69,   68,  111,   42,   56,   71,   71,   63,   58,   89,   32,   66,   54,   65,   18,   82,   54,   41,   84,   45,    0,   89,   42,   19,   37,   91,   78,   28,   59,   43,   71,   29,   75,   26,  107,    8,   49,   14,    3,   87,   60,   89,   64,   34,   34,   14,   42,   72,   70,   43,   23],
[43,   48,   71,    9,   37,   25,   75,   94,   97,   88,   53,   30,   78,   32,   42,   78,   61,   38,   18,   58,   26,   65,   43,  106,    4,   55,   56,   66,   27,   71,   75,   90,   80,   19,   67,   75,   84,   71,  107,   68,   10,   48,   53,   64,   39,   99,   73,   30,   49,   69,   95,   48,   71,   51,  108,   56,   22,   68,   43,   56,   73,   30,  111,   48,   97,   48,   38,  101,   77,   56,   89,    0,  101,   95,   53,   11,   13,   67,   98,   60,   26,   66,   25,   87,   61,   81,   83,   93,   92,   74,   33,    0,   94,  102,   64,   91,   78,   33,   33,   69,   96],
[59,   67,   51,   96,   85,   94,   59,   28,   23,   61,   60,   97,   53,   71,   63,   67,   46,   63,   90,   88,  115,   37,   65,   28,   98,   77,   54,   59,   75,   32,   43,   11,   65,   93,   50,   45,   38,   32,   15,   33,   96,   83,   56,   37,   86,   15,   47,   74,   92,   90,   34,   61,   93,   52,   14,   58,   91,   44,   59,   75,   29,   72,   12,   59,   59,   72,   64,    1,   60,   78,   42,  101,    0,   61,   63,   98,   94,   63,   21,   77,   93,   63,   97,   19,   93,   42,   22,   28,   41,   64,   68,  101,   28,   10,   38,   56,   24,   98,   72,   33,   19],
[65,   91,   90,   95,  102,  103,  100,   83,   38,    7,   86,   73,   96,   80,   56,  109,   43,   68,   94,  117,   94,   52,   83,   88,   94,   43,   81,   29,   79,   64,   28,   60,  108,   77,   86,   26,   86,   64,   76,   59,   96,   51,   81,   53,   60,   46,   88,   66,  115,  124,   89,   83,  127,   54,   75,   87,   74,   81,   71,  104,   50,   76,   72,   79,    3,   96,   64,   60,  102,   42,   19,   95,   61,    0,   42,   99,   83,   28,   78,   39,   73,   29,   77,   45,  122,   23,   68,   33,   20,  104,   71,   95,   83,   52,   50,    6,   61,   72,   82,   60,   42],
[28,   56,   64,   53,   63,   62,   74,   70,   49,   35,   53,   37,   72,   40,   16,   81,   17,   29,   53,   81,   57,   30,   47,   80,   52,   16,   50,   13,   39,   44,   24,   55,   81,   37,   59,   23,   67,   44,   74,   39,   55,   20,   49,   31,   24,   54,   63,   25,   77,   89,   75,   48,   92,   20,   74,   55,   34,   55,   35,   69,   36,   36,   74,   45,   43,   61,   25,   62,   76,   17,   37,   53,   63,   42,    0,   57,   42,   14,   70,   18,   34,   13,   39,   44,   86,   29,   55,   44,   40,   76,   30,   53,   70,   59,   28,   38,   47,   37,   42,   40,   50],
[40,   40,   63,    4,   26,   14,   67,   88,   96,   92,   45,   40,   70,   27,   44,   68,   61,   36,    9,   47,   37,   63,   36,  100,    9,   61,   49,   70,   24,   67,   77,   87,   70,   28,   59,   77,   77,   67,  102,   65,    2,   55,   46,   62,   47,   97,   66,   32,   38,   58,   88,   41,   60,   50,  103,   49,   30,   61,   39,   46,   71,   26,  107,   42,  100,   39,   37,   98,   68,   63,   91,   11,   98,   99,   57,    0,   21,   71,   93,   66,   35,   70,   34,   85,   50,   83,   79,   93,   94,   65,   31,   11,   88,   99,   63,   94,   75,   42,   27,   65,   95],
[36,   49,   70,   17,   42,   33,   76,   90,   88,   76,   52,   19,   77,   30,   33,   80,   51,   33,   24,   64,   23,   57,   43,  102,   13,   43,   54,   54,   25,   65,   64,   84,   81,    7,   65,   64,   82,   65,  101,   62,   19,   36,   51,   57,   27,   90,   72,   21,   56,   75,   92,   47,   77,   42,  102,   56,   10,   65,   39,   59,   66,   26,  104,   46,   85,   51,   30,   94,   78,   44,   78,   13,   94,   83,   42,   21,    0,   55,   93,   47,   14,   54,   14,   78,   68,   70,   78,   83,   81,   75,   27,   13,   90,   94,   56,   79,   72,   21,   31,   63,   87],
[41,   69,   74,   67,   77,   76,   84,   76,   45,   21,   66,   46,   82,   55,   30,   92,   25,   43,   67,   94,   67,   37,   61,   85,   66,   17,   62,    4,   53,   51,   20,   57,   92,   49,   70,   18,   75,   51,   76,   46,   69,   25,   61,   38,   33,   52,   73,   39,   91,  103,   81,   61,  105,   32,   76,   68,   46,   65,   49,   83,   40,   51,   75,   58,   30,   74,   39,   62,   86,   17,   28,   67,   63,   28,   14,   71,   55,    0,   74,   15,   45,    1,   49,   44,   99,   23,   60,   40,   31,   87,   45,   67,   76,   57,   35,   25,   52,   45,   57,   47,   47],
[57,   57,   36,   91,   75,   86,   42,    9,   42,   77,   50,  100,   36,   66,   65,   49,   53,   61,   84,   74,  116,   40,   57,   10,   95,   86,   44,   70,   71,   28,   56,   18,   47,   93,   37,   58,   20,   28,   11,   32,   92,   90,   47,   40,   91,   35,   32,   74,   80,   74,   14,   53,   76,   54,   13,   47,   92,   33,   55,   61,   34,   68,   19,   51,   77,   61,   64,   21,   42,   87,   59,   98,   21,   78,   70,   93,   93,   74,    0,   87,   95,   74,   99,   33,   78,   57,   16,   46,   58,   47,   67,   98,    9,   30,   42,   73,   23,  101,   66,   32,   38],
[45,   72,   82,   62,   77,   74,   91,   88,   60,   33,   71,   34,   90,   55,   31,   98,   35,   45,   64,   96,   55,   48,   64,   97,   59,    4,   68,   18,   52,   61,   34,   70,   99,   40,   77,   33,   85,   61,   90,   56,   64,   12,   66,   48,   21,   66,   81,   36,   92,  106,   92,   65,  108,   38,   89,   73,   37,   73,   52,   86,   52,   50,   89,   62,   42,   77,   40,   76,   93,    3,   43,   60,   77,   39,   18,   66,   47,   15,   87,    0,   35,   15,   38,   58,  101,   37,   72,   54,   46,   93,   45,   60,   88,   72,   46,   38,   64,   33,   57,   57,   62],
[39,   58,   77,   32,   55,   47,   84,   93,   83,   66,   60,    6,   84,   38,   30,   89,   48,   36,   37,   76,   23,   57,   51,  105,   27,   31,   61,   45,   33,   67,   58,   83,   90,    7,   72,   58,   86,   67,  102,   63,   33,   23,   58,   57,   14,   87,   78,   21,   69,   87,   96,   54,   89,   42,  103,   64,    5,   71,   44,   70,   65,   33,  104,   53,   75,   61,   32,   92,   86,   32,   71,   26,   93,   73,   34,   35,   14,   45,   95,   35,    0,   44,    4,   76,   80,   64,   80,   78,   74,   84,   32,   26,   93,   91,   55,   70,   73,    8,   40,   64,   83],
[40,   67,   73,   66,   76,   75,   83,   75,   45,   23,   64,   45,   81,   53,   28,   91,   23,   42,   66,   93,   66,   36,   59,   84,   64,   17,   61,    3,   52,   50,   19,   57,   91,   48,   68,   18,   74,   50,   76,   45,   67,   24,   60,   37,   32,   51,   72,   38,   90,  101,   80,   60,  104,   31,   75,   66,   45,   64,   47,   81,   39,   49,   75,   57,   31,   73,   38,   62,   85,   16,   29,   66,   63,   29,   13,   70,   54,    1,   74,   15,   44,    0,   48,   43,   98,   23,   59,   40,   32,   86,   43,   66,   75,   57,   34,   26,   51,   44,   55,   46,   47],
[43,   61,   80,   31,   56,   47,   87,   97,   88,   70,   63,    6,   88,   41,   35,   91,   52,   40,   37,   78,   18,   61,   53,  109,   26,   34,   64,   50,   36,   71,   63,   88,   93,    8,   75,   62,   90,   71,  106,   67,   33,   26,   61,   61,   17,   91,   81,   25,   70,   89,  100,   57,   91,   46,  107,   66,    8,   74,   47,   72,   69,   36,  108,   56,   79,   63,   36,   97,   89,   35,   75,   25,   97,   77,   39,   34,   14,   49,   99,   38,    4,   48,    0,   80,   81,   68,   84,   83,   79,   87,   35,   25,   97,   95,   60,   74,   77,    8,   43,   68,   88],
[45,   60,   51,   83,   77,   83,   60,   38,   13,   44,   54,   79,   55,   59,   46,   69,   28,   49,   77,   85,   98,   22,   56,   43,   84,   58,   48,   40,   62,   25,   24,   15,   68,   76,   48,   26,   42,   25,   33,   23,   83,   64,   49,   23,   68,   12,   48,   58,   86,   89,   44,   53,   91,   36,   32,   53,   74,   42,   47,   71,   14,   59,   31,   50,   44,   66,   49,   18,   62,   59,   26,   87,   19,   45,   44,   85,   78,   44,   33,   58,   76,   43,   80,    0,   90,   24,   24,   14,   26,   65,   54,   87,   38,   15,   23,   40,   18,   80,   60,   23,   10],
[58,   31,   42,   52,   26,   36,   37,   70,  103,  117,   36,   86,   43,   46,   70,   33,   79,   56,   44,    5,   87,   72,   39,   80,   58,   97,   42,   96,   50,   65,   95,   83,   35,   74,   43,   96,   58,   65,   89,   67,   51,   94,   41,   70,   88,  100,   46,   66,   12,    9,   67,   39,   10,   68,   91,   37,   75,   49,   51,   19,   77,   51,   96,   43,  122,   25,   61,   93,   37,   99,  107,   61,   93,  122,   86,   50,   68,   99,   78,  101,   80,   98,   81,   90,    0,  100,   71,  102,  109,   32,   56,   61,   70,   99,   73,  116,   72,   88,   44,   67,  100],
[45,   69,   67,   79,   82,   84,   77,   61,   23,   21,   64,   66,   73,   60,   39,   85,   22,   48,   77,   95,   86,   29,   62,   67,   79,   39,   59,   20,   61,   40,    6,   39,   85,   66,   63,    6,   63,   40,   57,   36,   81,   46,   59,   30,   53,   30,   65,   51,   94,  101,   66,   61,  104,   34,   56,   64,   63,   57,   51,   82,   27,   58,   54,   57,   23,   75,   46,   41,   79,   39,    8,   81,   42,   23,   29,   83,   70,   23,   57,   37,   64,   23,   68,   24,  100,    0,   45,   17,   11,   81,   52,   81,   61,   35,   28,   17,   38,   65,   62,   37,   25],
[42,   45,   29,   77,   64,   73,   38,   16,   36,   66,   38,   84,   32,   52,   50,   46,   37,   45,   70,   66,  100,   25,   44,   25,   80,   71,   32,   56,   56,   13,   43,   12,   45,   78,   28,   45,   19,   13,   23,   17,   77,   74,   35,   24,   76,   31,   25,   59,   70,   68,   21,   40,   71,   38,   25,   36,   76,   22,   40,   53,   20,   54,   28,   38,   67,   50,   48,   22,   39,   72,   49,   83,   22,   68,   55,   79,   78,   60,   16,   72,   80,   59,   84,   24,   71,   45,    0,   38,   49,   43,   51,   83,   16,   29,   27,   62,    8,   85,   52,   16,   32],
[53,   72,   65,   90,   88,   93,   74,   51,    6,   34,   66,   81,   69,   68,   51,   83,   32,   57,   86,   97,  101,   32,   67,   55,   91,   56,   60,   37,   70,   38,   21,   28,   82,   80,   61,   22,   57,   38,   43,   35,   91,   63,   61,   33,   69,   13,   62,   63,   98,  102,   57,   65,  105,   43,   42,   66,   77,   56,   57,   84,   25,   67,   39,   61,   31,   78,   56,   27,   76,   56,   14,   93,   28,   33,   44,   93,   83,   40,   46,   54,   78,   40,   83,   14,  102,   17,   38,    0,   13,   79,   62,   93,   51,   19,   32,   28,   33,   81,   70,   36,    9],
[55,   78,   74,   90,   92,   95,   84,   64,   18,   21,   73,   76,   79,   71,   50,   92,   33,   59,   87,  104,   97,   37,   72,   68,   90,   48,   67,   30,   72,   47,   17,   41,   92,   77,   70,   17,   68,   47,   56,   43,   91,   56,   68,   39,   63,   26,   71,   62,  104,  110,   69,   70,  112,   45,   55,   73,   74,   64,   61,   90,   33,   69,   52,   67,   18,   84,   57,   40,   85,   48,    3,   92,   41,   20,   40,   94,   81,   31,   58,   46,   74,   32,   79,   26,  109,   11,   49,   13,    0,   88,   63,   92,   64,   32,   36,   15,   43,   76,   72,   44,   22],
[49,   26,   14,   65,   40,   53,    5,   38,   78,  100,   24,   90,   11,   46,   63,    5,   63,   50,   56,   29,   98,   52,   33,   48,   70,   91,   25,   83,   51,   41,   77,   55,    6,   79,   18,   78,   27,   41,   58,   45,   64,   90,   27,   51,   87,   73,   17,   64,   37,   27,   35,   30,   29,   55,   60,   21,   79,   23,   42,   20,   55,   51,   65,   32,  104,   26,   55,   64,    5,   92,   87,   74,   64,  104,   76,   65,   75,   87,   47,   93,   84,   86,   87,   65,   32,   81,   43,   79,   88,    0,   53,   74,   38,   71,   54,   98,   46,   92,   44,   44,   74],
[10,   28,   45,   28,   33,   32,   53,   63,   65,   64,   29,   37,   53,   10,   15,   58,   30,    6,   24,   51,   50,   32,   20,   75,   30,   41,   29,   42,    9,   39,   46,   58,   59,   28,   40,   47,   55,   39,   74,   36,   29,   39,   27,   32,   34,   66,   46,   11,   47,   61,   65,   23,   64,   19,   75,   32,   27,   39,   13,   42,   41,    6,   78,   21,   72,   33,    6,   68,   55,   43,   60,   33,   68,   71,   30,   31,   27,   45,   67,   45,   32,   43,   35,   54,   56,   52,   51,   62,   63,   53,    0,   33,   63,   69,   32,   66,   46,   39,   12,   36,   64],
[43,   48,   71,    9,   37,   25,   75,   94,   97,   88,   53,   30,   78,   32,   42,   78,   61,   38,   18,   58,   26,   65,   43,  106,    4,   55,   56,   66,   27,   71,   75,   90,   80,   19,   67,   75,   84,   71,  107,   68,   10,   48,   53,   64,   39,   99,   73,   30,   49,   69,   95,   48,   71,   51,  108,   56,   22,   68,   43,   56,   73,   30,  111,   48,   97,   48,   38,  101,   77,   56,   89,    0,  101,   95,   53,   11,   13,   67,   98,   60,   26,   66,   25,   87,   61,   81,   83,   93,   92,   74,   33,    0,   94,  102,   64,   91,   78,   33,   33,   69,   96],
[54,   50,   28,   86,   69,   80,   33,    0,   48,   81,   43,   98,   27,   62,   64,   40,   53,   58,   78,   66,  113,   40,   51,   12,   90,   87,   39,   72,   67,   27,   59,   23,   39,   91,   30,   61,   12,   27,   19,   32,   87,   90,   41,   40,   90,   42,   25,   72,   72,   65,    6,   47,   68,   53,   22,   40,   90,   26,   51,   54,   36,   64,   27,   46,   82,   54,   61,   29,   34,   87,   64,   94,   28,   83,   70,   88,   90,   76,    9,   88,   93,   75,   97,   38,   70,   61,   16,   51,   64,   38,   63,   94,    0,   38,   42,   77,   24,   99,   61,   31,   44],
[59,   71,   58,   97,   89,   96,   66,   38,   14,   53,   65,   94,   61,   73,   61,   74,   43,   63,   91,   94,  114,   37,   68,   38,   99,   72,   59,   54,   76,   35,   37,   17,   73,   91,   56,   39,   46,   35,   25,   35,   98,   79,   60,   37,   83,    6,   54,   73,   97,   97,   43,   65,  100,   51,   23,   63,   89,   50,   61,   81,   28,   73,   20,   62,   50,   77,   64,    9,   67,   73,   34,  102,   10,   52,   59,   99,   94,   57,   30,   72,   91,   57,   95,   15,   99,   35,   29,   19,   32,   71,   69,  102,   38,    0,   37,   47,   27,   95,   74,   35,   10],
[22,   42,   40,   60,   56,   61,   51,   42,   34,   46,   36,   59,   47,   37,   25,   59,   11,   26,   55,   68,   77,    2,   35,   52,   61,   44,   31,   31,   39,   16,   23,   28,   59,   55,   36,   24,   40,   16,   47,   11,   61,   48,   31,    3,   50,   35,   39,   36,   68,   74,   47,   34,   76,   14,   48,   37,   53,   31,   25,   54,    9,   36,   49,   30,   50,   48,   27,   37,   52,   45,   34,   64,   38,   50,   28,   63,   56,   35,   42,   46,   55,   34,   60,   23,   73,   28,   27,   32,   36,   54,   32,   64,   42,   37,    0,   45,   19,   60,   38,   12,   32],
[60,   85,   84,   91,   97,   98,   95,   77,   33,    6,   81,   71,   91,   75,   51,  103,   38,   63,   90,  111,   92,   46,   78,   82,   90,   41,   76,   25,   74,   58,   22,   55,  103,   74,   80,   21,   80,   58,   71,   54,   92,   49,   76,   48,   57,   41,   82,   62,  110,  118,   83,   77,  121,   49,   70,   81,   71,   75,   66,   98,   44,   72,   67,   74,    6,   91,   60,   55,   96,   40,   14,   91,   56,    6,   38,   94,   79,   25,   73,   38,   70,   26,   74,   40,  116,   17,   62,   28,   15,   98,   66,   91,   77,   47,   45,    0,   55,   70,   77,   54,   37],
[36,   44,   32,   73,   62,   70,   42,   24,   32,   59,   37,   77,   37,   48,   43,   50,   29,   40,   66,   67,   94,   17,   41,   33,   75,   63,   31,   48,   51,    8,   36,   12,   49,   72,   30,   37,   25,    8,   29,   10,   73,   67,   33,   17,   68,   28,   29,   52,   70,   71,   29,   38,   73,   31,   30,   36,   70,   24,   35,   53,   12,   49,   32,   35,   60,   49,   42,   23,   43,   64,   42,   78,   24,   61,   47,   75,   72,   52,   23,   64,   73,   51,   77,   18,   72,   38,    8,   33,   43,   46,   46,   78,   24,   27,   19,   55,    0,   78,   48,    9,   28],
[46,   66,   84,   39,   63,   54,   92,   99,   86,   65,   68,    2,   92,   46,   36,   97,   52,   43,   45,   85,   22,   62,   58,  111,   34,   29,   68,   46,   41,   73,   60,   88,   98,   15,   79,   60,   93,   73,  107,   69,   40,   21,   66,   62,   13,   90,   85,   28,   77,   95,  102,   62,   97,   47,  108,   71,   13,   78,   51,   78,   69,   41,  109,   60,   74,   69,   39,   97,   94,   30,   72,   33,   98,   72,   37,   42,   21,   45,  101,   33,    8,   44,    8,   80,   88,   65,   85,   81,   76,   92,   39,   33,   99,   95,   60,   70,   78,    0,   48,   70,   87],
[17,   18,   39,   25,   21,   23,   45,   61,   72,   76,   21,   46,   46,    2,   27,   49,   40,   14,   18,   39,   55,   38,   11,   73,   29,   53,   23,   54,    7,   40,   56,   60,   50,   35,   34,   57,   52,   40,   75,   39,   26,   51,   21,   37,   45,   72,   41,   22,   35,   49,   62,   15,   52,   28,   76,   25,   35,   35,   13,   30,   46,    7,   80,   16,   82,   21,   18,   71,   46,   55,   70,   33,   72,   82,   42,   27,   31,   57,   66,   57,   40,   55,   43,   60,   44,   62,   52,   70,   72,   44,   12,   33,   61,   74,   38,   77,   48,   48,    0,   39,   70],
[27,   37,   30,   63,   54,   61,   40,   31,   36,   57,   31,   69,   36,   39,   34,   49,   23,   31,   57,   62,   85,   10,   33,   41,   66,   56,   25,   43,   42,    4,   33,   22,   48,   62,   26,   35,   28,    4,   38,    1,   64,   59,   26,    9,   60,   34,   28,   43,   63,   66,   35,   30,   69,   22,   39,   30,   61,   21,   26,   48,   11,   39,   42,   27,   60,   43,   33,   32,   42,   57,   43,   69,   33,   60,   40,   65,   63,   47,   32,   57,   64,   46,   68,   23,   67,   37,   16,   36,   44,   44,   36,   69,   31,   35,   12,   54,    9,   70,   39,    0,   33],
[54,   70,   60,   92,   87,   93,   69,   44,    4,   43,   64,   86,   64,   69,   54,   78,   36,   58,   87,   95,  106,   32,   66,   47,   93,   63,   58,   44,   71,   35,   28,   21,   77,   84,   57,   29,   50,   35,   34,   33,   93,   69,   59,   33,   74,    4,   57,   66,   97,   98,   50,   63,  101,   45,   33,   63,   82,   51,   57,   81,   24,   68,   30,   60,   40,   76,   58,   18,   70,   63,   23,   96,   19,   42,   50,   95,   87,   47,   38,   62,   83,   47,   88,   10,  100,   25,   32,    9,   22,   74,   64,   96,   44,   10,   32,   37,   28,   87,   70,   33,    0]];