
//numero de Pontos
 n = 50

//Coordenadas dos Pontos 
68, 28
80, 62
47, 38
69, 9
81, 92
40, 84
25, 78
22, 14
94, 76
35, 84
70, 42
74, 72
100, 26
95, 82
36, 24
44, 57
30, 98
85, 13
14, 58
75, 96
11, 35
4, 4
4, 10
82, 74
83, 7
65, 53
44, 83
11, 53
94, 66
13, 92
98, 18
83, 33
35, 67
77, 45
76, 73
29, 20
82, 98
96, 10
96, 87
24, 38
2, 50
97, 48
19, 94
14, 34
38, 57
70, 44
17, 43
91, 55
55, 78
11, 41

d = [
   [0,  36,  23,  19,  65,  63,  66,  48,  55,  65,  14,  44,  32,  60,  32,  38,  80,  23,  62,  68,  57,  68,  66,  48,  26,  25,  60,  62,  46,  84,  32,  16,  51,  19,  46,  40,  71,  33,  65,  45,  70,  35,  82,  54,  42,  16,  53,  35,  52,  58  ],
[36,   0,  41,  54,  30,  46,  57,  75,  20,  50,  22,  12,  41,  25,  58,  36,  62,  49,  66,  34,  74,  96,  92,  12,  55,  17,  42,  70,  15,  73,  48,  29,  45,  17,  12,  66,  36,  54,  30,  61,  79,  22,  69,  72,  42,  21,  66,  13,  30,  72  ],
[23,  41,   0,  36,  64,  47,  46,  35,  60,  48,  23,  43,  54,  65,  18,  19,  62,  45,  39,  64,  36,  55,  51,  50,  48,  23,  45,  39,  55,  64,  55,  36,  31,  31,  45,  25,  69,  56,  69,  23,  47,  51,  63,  33,  21,  24,  30,  47,  41,  36  ],
[19,  54,  36,   0,  84,  80,  82,  47,  72,  82,  33,  63,  35,  77,  36,  54,  97,  16,  74,  87,  64,  65,  65,  66,  14,  44,  78,  73,  62, 100,  30,  28,  67,  37,  64,  41,  90,  27,  83,  54,  79,  48,  99,  60,  57,  35,  62,  51,  70,  66  ],
[65,  30,  64,  84,   0,  42,  58,  98,  21,  47,  51,  21,  69,  17,  82,  51,  51,  79,  75,   7,  90, 117, 112,  18,  85,  42,  38,  80,  29,  68,  76,  59,  52,  47,  20,  89,   6,  83,  16,  79,  89,  47,  62,  89,  55,  49,  81,  38,  30,  87  ],
[63,  46,  47,  80,  42,   0,  16,  72,  55,   5,  52,  36,  83,  55,  60,  27,  17,  84,  37,  37,  57,  88,  82,  43,  88,  40,   4,  42,  57,  28,  88,  67,  18,  54,  38,  65,  44,  93,  56,  49,  51,  67,  23,  56,  27,  50,  47,  59,  16,  52  ],
[66,  57,  46,  82,  58,  16,   0,  64,  69,  12,  58,  49,  91,  70,  55,  28,  21,  88,  23,  53,  45,  77,  71,  57,  92,  47,  20,  29,  70,  18,  94,  73,  15,  62,  51,  58,  60,  98,  72,  40,  36,  78,  17,  45,  25,  56,  36,  70,  30,  40  ],
[48,  75,  35,  47,  98,  72,  64,   0,  95,  71,  56,  78,  79, 100,  17,  48,  84,  63,  45,  98,  24,  21,  18,  85,  61,  58,  72,  41,  89,  79,  76,  64,  55,  63,  80,   9, 103,  74, 104,  24,  41,  82,  80,  22,  46,  57,  29,  80,  72,  29  ],
[55,  20,  60,  72,  21,  55,  69,  95,   0,  60,  42,  20,  50,   6,  78,  53,  68,  64,  82,  28,  93, 115, 112,  12,  70,  37,  50,  86,  10,  83,  58,  44,  60,  35,  18,  86,  25,  66,  11,  80,  96,  28,  77,  90,  59,  40,  84,  21,  39,  90  ],
[65,  50,  48,  82,  47,   5,  12,  71,  60,   0,  55,  41,  87,  60,  60,  28,  15,  87,  33,  42,  55,  86,  80,  48,  91,  43,   9,  39,  62,  23,  91,  70,  17,  57,  42,  64,  49,  96,  61,  47,  47,  72,  19,  54,  27,  53,  45,  63,  21,  49  ],
[14,  22,  23,  33,  51,  52,  58,  56,  42,  55,   0,  30,  34,  47,  38,  30,  69,  33,  58,  54,  59,  76,  73,  34,  37,  12,  49,  60,  34,  76,  37,  16,  43,   8,  32,  47,  57,  41,  52,  46,  68,  28,  73,  57,  35,   2,  53,  25,  39,  59  ],
[44,  12,  43,  63,  21,  36,  49,  78,  20,  41,  30,   0,  53,  23,  61,  34,  51,  60,  62,  24,  73,  98,  94,   8,  66,  21,  32,  66,  21,  64,  59,  40,  39,  27,   2,  69,  27,  66,  27,  60,  75,  33,  59,  71,  39,  28,  64,  24,  20,  70  ],
[32,  41,  54,  35,  69,  83,  91,  79,  50,  87,  34,  53,   0,  56,  64,  64, 100,  20,  92,  74,  89,  98,  97,  51,  25,  44,  80,  93,  40, 109,   8,  18,  77,  30,  53,  71,  74,  16,  61,  77, 101,  22, 106,  86,  69,  35,  85,  30,  69,  90  ],
[60,  25,  65,  77,  17,  55,  70, 100,   6,  60,  47,  23,  56,   0,  83,  57,  67,  70,  84,  24,  96, 120, 116,  15,  76,  42,  51,  89,  16,  83,  64,  50,  62,  41,  21,  91,  21,  72,   5,  84,  98,  34,  77,  94,  62,  45,  87,  27,  40,  93  ],
[32,  58,  18,  36,  82,  60,  55,  17,  78,  60,  38,  61,  64,  83,   0,  34,  74,  50,  40,  82,  27,  38,  35,  68,  50,  41,  60,  38,  72,  72,  62,  48,  43,  46,  63,   8,  87,  62,  87,  18,  43,  66,  72,  24,  33,  39,  27,  63,  57,  30  ],
[38,  36,  19,  54,  51,  27,  28,  48,  53,  28,  30,  34,  64,  57,  34,   0,  43,  60,  30,  50,  40,  66,  62,  42,  63,  21,  26,  33,  51,  47,  67,  46,  13,  35,  36,  40,  56,  70,  60,  28,  43,  54,  45,  38,   6,  29,  30,  47,  24,  37  ],
[80,  62,  62,  97,  51,  17,  21,  84,  68,  15,  69,  51, 100,  67,  74,  43,   0, 101,  43,  45,  66,  98,  92,  57, 105,  57,  21,  49,  72,  18, 105,  84,  31,  71,  52,  78,  52, 110,  67,  60,  56,  84,  12,  66,  42,  67,  57,  75,  32,  60  ],
[23,  49,  45,  16,  79,  84,  88,  63,  64,  87,  33,  60,  20,  70,  50,  60, 101,   0,  84,  84,  77,  81,  81,  61,   6,  45,  81,  84,  54, 107,  14,  20,  74,  33,  61,  56,  85,  11,  75,  66,  91,  37, 104,  74,  64,  34,  74,  42,  72,  79  ],
[62,  66,  39,  74,  75,  37,  23,  45,  82,  33,  58,  62,  92,  84,  40,  30,  43,  84,   0,  72,  23,  55,  49,  70,  86,  51,  39,   6,  80,  34,  93,  73,  23,  64,  64,  41,  79,  95,  87,  22,  14,  84,  36,  24,  24,  58,  15,  77,  46,  17  ],
[68,  34,  64,  87,   7,  37,  53,  98,  28,  42,  54,  24,  74,  24,  82,  50,  45,  84,  72,   0,  88, 116, 112,  23,  89,  44,  34,  77,  36,  62,  81,  64,  49,  51,  23,  89,   7,  89,  23,  77,  86,  53,  56,  87,  54,  52,  79,  44,  27,  84  ],
[57,  74,  36,  64,  90,  57,  45,  24,  93,  55,  59,  73,  89,  96,  27,  40,  66,  77,  23,  88,   0,  32,  26,  81,  77,  57,  58,  18,  89,  57,  89,  72,  40,  67,  75,  23,  95,  89, 100,  13,  17,  87,  60,   3,  35,  60,  10,  82,  62,   6  ],
[68,  96,  55,  65, 117,  88,  77,  21, 115,  86,  76,  98,  98, 120,  38,  66,  98,  81,  55, 116,  32,   0,   6, 105,  79,  78,  89,  49, 109,  88,  95,  84,  70,  84, 100,  30, 122,  92, 124,  39,  46, 103,  91,  32,  63,  77,  41, 101,  90,  38  ],
[66,  92,  51,  65, 112,  82,  71,  18, 112,  80,  73,  94,  97, 116,  35,  62,  92,  81,  49, 112,  26,   6,   0, 101,  79,  75,  83,  44, 106,  82,  94,  82,  65,  81,  96,  27, 118,  92, 120,  34,  40, 100,  85,  26,  58,  74,  35,  98,  85,  32  ],
[48,  12,  50,  66,  18,  43,  57,  85,  12,  48,  34,   8,  51,  15,  68,  42,  57,  61,  70,  23,  81, 105, 101,   0,  67,  27,  39,  74,  14,  71,  58,  41,  48,  29,   6,  76,  24,  66,  19,  68,  84,  30,  66,  79,  47,  32,  72,  21,  27,  78  ],
[26,  55,  48,  14,  85,  88,  92,  61,  70,  91,  37,  66,  25,  76,  50,  63, 105,   6,  86,  89,  77,  79,  79,  67,   0,  49,  85,  85,  60, 110,  19,  26,  77,  38,  66,  56,  91,  13,  81,  67,  92,  43, 108,  74,  67,  39,  75,  49,  76,  80  ],
[25,  17,  23,  44,  42,  40,  47,  58,  37,  43,  12,  21,  44,  42,  41,  21,  57,  45,  51,  44,  57,  78,  75,  27,  49,   0,  37,  54,  32,  65,  48,  27,  33,  14,  23,  49,  48,  53,  46,  44,  63,  32,  62,  54,  27,  10,  49,  26,  27,  55  ],
[60,  42,  45,  78,  38,   4,  20,  72,  50,   9,  49,  32,  80,  51,  60,  26,  21,  81,  39,  34,  58,  89,  83,  39,  85,  37,   0,  45,  53,  32,  85,  63,  18,  50,  34,  65,  41,  90,  52,  49,  53,  64,  27,  57,  27,  47,  48,  55,  12,  53  ],
[62,  70,  39,  73,  80,  42,  29,  41,  86,  39,  60,  66,  93,  89,  38,  33,  49,  84,   6,  77,  18,  49,  44,  74,  85,  54,  45,   0,  84,  39,  94,  75,  28,  66,  68,  38,  84,  95,  92,  20,   9,  86,  42,  19,  27,  60,  12,  80,  51,  12  ],
[46,  15,  55,  62,  29,  57,  70,  89,  10,  62,  34,  21,  40,  16,  72,  51,  72,  54,  80,  36,  89, 109, 106,  14,  60,  32,  53,  84,   0,  85,  48,  35,  59,  27,  19,  80,  34,  56,  21,  75,  93,  18,  80,  86,  57,  33,  80,  11,  41,  87  ],
[84,  73,  64, 100,  68,  28,  18,  79,  83,  23,  76,  64, 109,  83,  72,  47,  18, 107,  34,  62,  57,  88,  82,  71, 110,  65,  32,  39,  85,   0, 113,  92,  33,  79,  66,  74,  69, 117,  83,  55,  43,  95,   6,  58,  43,  75,  49,  86,  44,  51  ],
[32,  48,  55,  30,  76,  88,  94,  76,  58,  91,  37,  59,   8,  64,  62,  67, 105,  14,  93,  81,  89,  95,  94,  58,  19,  48,  85,  94,  48, 113,   0,  21,  80,  34,  59,  69,  82,   8,  69,  77, 101,  30, 110,  86,  72,  38,  85,  38,  74,  90  ],
[16,  29,  36,  28,  59,  67,  73,  64,  44,  70,  16,  40,  18,  50,  48,  46,  84,  20,  73,  64,  72,  84,  82,  41,  26,  27,  63,  75,  35,  92,  21,   0,  59,  13,  41,  56,  65,  26,  56,  59,  83,  21,  88,  69,  51,  17,  67,  23,  53,  72  ],
[51,  45,  31,  67,  52,  18,  15,  55,  60,  17,  43,  39,  77,  62,  43,  13,  31,  74,  23,  49,  40,  70,  65,  48,  77,  33,  18,  28,  59,  33,  80,  59,   0,  47,  41,  47,  56,  83,  64,  31,  37,  65,  31,  39,  10,  42,  30,  57,  23,  35  ],
[19,  17,  31,  37,  47,  54,  62,  63,  35,  57,   8,  27,  30,  41,  46,  35,  71,  33,  64,  51,  67,  84,  81,  29,  38,  14,  50,  66,  27,  79,  34,  13,  47,   0,  28,  54,  53,  40,  46,  53,  75,  20,  76,  64,  41,   7,  60,  17,  40,  66  ],
[46,  12,  45,  64,  20,  38,  51,  80,  18,  42,  32,   2,  53,  21,  63,  36,  52,  61,  64,  23,  75, 100,  96,   6,  66,  23,  34,  68,  19,  66,  59,  41,  41,  28,   0,  71,  26,  66,  24,  63,  77,  33,  61,  73,  41,  30,  66,  23,  22,  72  ],
[40,  66,  25,  41,  89,  65,  58,   9,  86,  64,  47,  69,  71,  91,   8,  40,  78,  56,  41,  89,  23,  30,  27,  76,  56,  49,  65,  38,  80,  74,  69,  56,  47,  54,  71,   0,  94,  68,  95,  19,  40,  74,  75,  21,  38,  48,  26,  71,  64,  28  ],
[71,  36,  69,  90,   6,  44,  60, 103,  25,  49,  57,  27,  74,  21,  87,  56,  52,  85,  79,   7,  95, 122, 118,  24,  91,  48,  41,  84,  34,  69,  82,  65,  56,  53,  26,  94,   0,  89,  18,  83,  93,  52,  63,  93,  60,  55,  85,  44,  34,  91  ],
[33,  54,  56,  27,  83,  93,  98,  74,  66,  96,  41,  66,  16,  72,  62,  70, 110,  11,  95,  89,  89,  92,  92,  66,  13,  53,  90,  95,  56, 117,   8,  26,  83,  40,  66,  68,  89,   0,  77,  77, 102,  38, 114,  85,  75,  43,  86,  45,  79,  90  ],
[65,  30,  69,  83,  16,  56,  72, 104,  11,  61,  52,  27,  61,   5,  87,  60,  67,  75,  87,  23, 100, 124, 120,  19,  81,  46,  52,  92,  21,  83,  69,  56,  64,  46,  24,  95,  18,  77,   0,  87, 101,  39,  77,  98,  65,  50,  90,  32,  42,  97  ],
[45,  61,  23,  54,  79,  49,  40,  24,  80,  47,  46,  60,  77,  84,  18,  28,  60,  66,  22,  77,  13,  39,  34,  68,  67,  44,  49,  20,  75,  55,  77,  59,  31,  53,  63,  19,  83,  77,  87,   0,  25,  74,  56,  11,  24,  46,   9,  69,  51,  13  ],
[70,  79,  47,  79,  89,  51,  36,  41,  96,  47,  68,  75, 101,  98,  43,  43,  56,  91,  14,  86,  17,  46,  40,  84,  92,  63,  53,   9,  93,  43, 101,  83,  37,  75,  77,  40,  93, 102, 101,  25,   0,  95,  47,  20,  37,  68,  17,  89,  60,  13  ],
[35,  22,  51,  48,  47,  67,  78,  82,  28,  72,  28,  33,  22,  34,  66,  54,  84,  37,  84,  53,  87, 103, 100,  30,  43,  32,  64,  86,  18,  95,  30,  21,  65,  20,  33,  74,  52,  38,  39,  74,  95,   0,  91,  84,  60,  27,  80,   9,  52,  86  ],
[82,  69,  63,  99,  62,  23,  17,  80,  77,  19,  73,  59, 106,  77,  72,  45,  12, 104,  36,  56,  60,  91,  85,  66, 108,  62,  27,  42,  80,   6, 110,  88,  31,  76,  61,  75,  63, 114,  77,  56,  47,  91,   0,  60,  42,  71,  51,  82,  39,  54  ],
[54,  72,  33,  60,  89,  56,  45,  22,  90,  54,  57,  71,  86,  94,  24,  38,  66,  74,  24,  87,   3,  32,  26,  79,  74,  54,  57,  19,  86,  58,  86,  69,  39,  64,  73,  21,  93,  85,  98,  11,  20,  84,  60,   0,  33,  57,   9,  80,  60,   8  ],
[42,  42,  21,  57,  55,  27,  25,  46,  59,  27,  35,  39,  69,  62,  33,   6,  42,  64,  24,  54,  35,  63,  58,  47,  67,  27,  27,  27,  57,  43,  72,  51,  10,  41,  41,  38,  60,  75,  65,  24,  37,  60,  42,  33,   0,  35,  25,  53,  27,  31  ],
[16,  21,  24,  35,  49,  50,  56,  57,  40,  53,   2,  28,  35,  45,  39,  29,  67,  34,  58,  52,  60,  77,  74,  32,  39,  10,  47,  60,  33,  75,  38,  17,  42,   7,  30,  48,  55,  43,  50,  46,  68,  27,  71,  57,  35,   0,  53,  24,  37,  59  ],
[53,  66,  30,  62,  81,  47,  36,  29,  84,  45,  53,  64,  85,  87,  27,  30,  57,  74,  15,  79,  10,  41,  35,  72,  75,  49,  48,  12,  80,  49,  85,  67,  30,  60,  66,  26,  85,  86,  90,   9,  17,  80,  51,   9,  25,  53,   0,  75,  52,   6  ],
[35,  13,  47,  51,  38,  59,  70,  80,  21,  63,  25,  24,  30,  27,  63,  47,  75,  42,  77,  44,  82, 101,  98,  21,  49,  26,  55,  80,  11,  86,  38,  23,  57,  17,  23,  71,  44,  45,  32,  69,  89,   9,  82,  80,  53,  24,  75,   0,  43,  81  ],
[52,  30,  41,  70,  30,  16,  30,  72,  39,  21,  39,  20,  69,  40,  57,  24,  32,  72,  46,  27,  62,  90,  85,  27,  76,  27,  12,  51,  41,  44,  74,  53,  23,  40,  22,  64,  34,  79,  42,  51,  60,  52,  39,  60,  27,  37,  52,  43,   0,  57  ],
[58,  72,  36,  66,  87,  52,  40,  29,  90,  49,  59,  70,  90,  93,  30,  37,  60,  79,  17,  84,   6,  38,  32,  78,  80,  55,  53,  12,  87,  51,  90,  72,  35,  66,  72,  28,  91,  90,  97,  13,  13,  86,  54,   8,  31,  59,   6,  81,  57,   0  ]
];