
//numero de Pontos
 n = 120

//Coordenadas dos Pontos 
69, 40
44, 72
88, 60
68, 90
85, 43
93, 91
23, 20
98, 58
33, 7
70, 56
16, 42
7, 74
55, 67
15, 86
83, 42
29, 64
3, 9
36, 24
73, 71
47, 79
61, 11
60, 5
24, 52
39, 14
66, 100
70, 97
54, 37
36, 19
10, 89
62, 96
19, 50
70, 87
28, 6
40, 88
95, 79
43, 31
54, 80
11, 27
3, 32
2, 49
27, 82
18, 84
85, 49
65, 21
53, 42
51, 66
96, 18
37, 71
22, 88
67, 15
1, 37
92, 60
2, 44
30, 37
30, 20
19, 80
41, 80
49, 21
98, 87
16, 58
77, 14
58, 81
94, 31
66, 30
83, 11
72, 95
36, 72
77, 77
27, 32
59, 31
99, 27
93, 11
73, 47
21, 38
58, 5
19, 66
36, 90
41, 15
100, 19
75, 64
93, 29
47, 81
7, 43
90, 9
100, 38
77, 52
49, 56
18, 64
93, 78
31, 45
77, 18
7, 40
48, 74
42, 71
87, 8
64, 78
91, 24
19, 63
72, 17
46, 67
10, 77
75, 29
10, 87
63, 26
1, 62
90, 2
63, 97
100, 92
86, 42
7, 4
23, 75
84, 41
64, 100
56, 37
24, 1
85, 46
32, 94
80, 32
72, 61
42, 24

d = [
   [0,  41,  28,  50,  16,  56,  50,  34,  49,  16,  53,  71,  30,  71,  14,  47,  73,  37,  31,  45,  30,  36,  47,  40,  60,  57,  15,  39,  77,  56,  51,  47,  53,  56,  47,  28,  43,  59,  66,  68,  59,  67,  18,  19,  16,  32,  35,  45,  67,  25,  68,  30,  67,  39,  44,  64,  49,  28,  55,  56,  27,  42,  27,  10,  32,  55,  46,  38,  43,  13,  33,  38,   8,  48,  37,  56,  60,  38,  37,  25,  26,  47,  62,  37,  31,  14,  26,  56,  45,  38,  23,  62,  40,  41,  37,  38,  27,  55,  23,  35,  70,  13,  75,  15,  71,  43,  57,  61,  17,  72,  58,  15,  60,  13,  60,  17,  65,  14,  21,  31  ],
[41,   0,  46,  30,  50,  53,  56,  56,  66,  31,  41,  37,  12,  32,  49,  17,  75,  49,  29,   8,  63,  69,  28,  58,  36,  36,  36,  54,  38,  30,  33,  30,  68,  16,  51,  41,  13,  56,  57,  48,  20,  29,  47,  55,  31,   9,  75,   7,  27,  61,  55,  49,  50,  38,  54,  26,   9,  51,  56,  31,  67,  17,  65,  47,  72,  36,   8,  33,  43,  44,  71,  78,  38,  41,  68,  26,  20,  57,  77,  32,  65,   9,  47,  78,  66,  39,  17,  27,  49,  30,  63,  49,   4,   2,  77,  21,  67,  27,  62,   5,  34,  53,  37,  50,  44,  84,  31,  59,  52,  77,  21,  51,  34,  37,  74,  49,  25,  54,  30,  48  ],
[28,  46,   0,  36,  17,  31,  76,  10,  76,  18,  74,  82,  34,  77,  19,  59,  99,  63,  19,  45,  56,  62,  64,  67,  46,  41,  41,  66,  83,  44,  70,  32,  81,  56,  20,  54,  39,  84,  89,  87,  65,  74,  11,  45,  39,  37,  43,  52,  72,  50,  90,   4,  87,  62,  70,  72,  51,  55,  29,  72,  47,  37,  30,  37,  49,  38,  53,  20,  67,  41,  35,  49,  20,  71,  63,  69,  60,  65,  43,  14,  31,  46,  83,  51,  25,  14,  39,  70,  19,  59,  43,  83,  42,  47,  52,  30,  36,  69,  46,  43,  80,  34,  83,  42,  87,  58,  45,  34,  18,  98,  67,  19,  47,  39,  87,  14,  66,  29,  16,  58  ],
[50,  30,  36,   0,  50,  25,  83,  44,  90,  34,  71,  63,  26,  53,  50,  47, 104,  73,  20,  24,  79,  85,  58,  81,  10,   7,  55,  78,  58,   8,  63,   4,  93,  28,  29,  64,  17,  85,  87,  78,  42,  50,  44,  69,  50,  29,  77,  36,  46,  75,  85,  38,  80,  65,  80,  50,  29,  72,  30,  61,  77,  13,  64,  60,  80,   6,  37,  16,  71,  60,  70,  83,  43,  70,  86,  55,  32,  80,  78,  27,  66,  23,  77,  84,  61,  39,  39,  56,  28,  58,  73,  79,  26,  32,  84,  13,  70,  56,  73,  32,  59,  61,  58,  64,  73,  91,   9,  32,  51, 105,  47,  52,  11,  54,  99,  47,  36,  59,  29,  71  ],
[16,  50,  17,  50,   0,  49,  66,  20,  63,  20,  69,  84,  38,  82,   2,  60,  89,  53,  30,  52,  40,  45,  62,  54,  60,  56,  32,  55,  88,  58,  66,  46,  68,  64,  37,  44,  48,  76,  83,  83,  70,  79,   6,  30,  32,  41,  27,  56,  77,  33,  84,  18,  83,  55,  60,  76,  57,  42,  46,  71,  30,  47,  15,  23,  32,  54,  57,  35,  59,  29,  21,  33,  13,  64,  47,  70,  68,  52,  28,  23,  16,  54,  78,  34,  16,  12,  38,  70,  36,  54,  26,  78,  48,  51,  35,  41,  20,  69,  29,  46,  82,  17,  87,  28,  86,  41,  58,  51,   1,  87,  70,   2,  61,  30,  74,   3,  74,  12,  22,  47  ],
[56,  53,  31,  25,  49,   0, 100,  33, 103,  42,  91,  88,  45,  78,  50,  69, 122,  88,  28,  48,  86,  92,  79,  94,  28,  24,  67,  92,  83,  31,  85,  23, 107,  53,  12,  78,  41, 104, 108, 100,  67,  75,  43,  75,  63,  49,  73,  59,  71,  80, 107,  31, 102,  83,  95,  75,  53,  83,   6,  84,  79,  36,  60,  67,  81,  21,  60,  21,  89,  69,  64,  80,  48,  89,  93,  78,  57,  92,  72,  32,  62,  47,  98,  82,  53,  42,  56,  80,  13,  77,  75, 100,  48,  55,  83,  32,  67,  79,  77,  53,  84,  65,  83,  72,  96,  89,  31,   7,  49, 122,  72,  51,  30,  65, 113,  46,  61,  60,  37,  84  ],
[50,  56,  76,  83,  66, 100,   0,  84,  16,  59,  23,  56,  57,  66,  64,  44,  23,  14,  71,  64,  39,  40,  32,  17,  91,  90,  35,  13,  70,  85,  30,  82,  15,  70,  93,  23,  68,  14,  23,  36,  62,  64,  68,  42,  37,  54,  73,  53,  68,  44,  28,  80,  32,  18,   7,  60,  63,  26, 101,  39,  54,  70,  72,  44,  61,  90,  54,  79,  13,  38,  76,  71,  57,  18,  38,  46,  71,  19,  77,  68,  71,  66,  28,  68,  79,  63,  44,  44,  91,  26,  54,  26,  60,  54,  65,  71,  68,  43,  49,  52,  58,  53,  68,  40,  47,  69,  87, 105,  67,  23,  55,  65,  90,  37,  19,  67,  75,  58,  64,  19  ],
[34,  56,  10,  44,  20,  33,  84,   0,  83,  28,  84,  92,  44,  88,  22,  69, 107,  71,  28,  55,  60,  65,  74,  74,  53,  48,  49,  73,  93,  52,  79,  40,  87,  65,  21,  61,  49,  92,  98,  96,  75,  84,  16,  50,  48,  48,  40,  62,  82,  53,  99,   6,  97,  71,  78,  82,  61,  61,  29,  82,  49,  46,  27,  43,  49,  45,  64,  28,  76,  47,  31,  47,  27,  80,  66,  79,  70,  71,  39,  24,  29,  56,  92,  50,  20,  22,  49,  80,  21,  68,  45,  93,  52,  57,  51,  39,  35,  79,  49,  53,  90,  37,  93,  47,  97,  57,  52,  34,  20, 106,  77,  22,  54,  47,  93,  18,  75,  32,  26,  66  ],
[49,  66,  76,  90,  63, 103,  16,  83,   0,  61,  39,  72,  64,  81,  61,  57,  30,  17,  75,  73,  28,  27,  46,   9,  99,  97,  37,  12,  85,  94,  45,  88,   5,  81,  95,  26,  76,  30,  39,  52,  75,  78,  67,  35,  40,  62,  64,  64,  82,  35,  44,  79,  48,  30,  13,  74,  73,  21, 103,  54,  45,  78,  66,  40,  50,  96,  65,  83,  26,  35,  69,  60,  57,  33,  25,  61,  83,  11,  68,  71,  64,  75,  44,  57,  74,  63,  52,  59,  93,  38,  45,  42,  69,  65,  54,  77,  60,  58,  40,  61,  74,  47,  83,  36,  64,  57,  95, 108,  64,  26,  69,  61,  98,  38,  11,  65,  87,  53,  67,  19  ],
[16,  31,  18,  34,  20,  42,  59,  28,  61,   0,  56,  66,  19,  63,  19,  42,  82,  47,  15,  33,  46,  52,  46,  52,  44,  41,  25,  50,  68,  41,  51,  31,  65,  44,  34,  37,  29,  66,  71,  68,  50,  59,  17,  35,  22,  21,  46,  36,  58,  41,  72,  22,  69,  44,  54,  56,  38,  41,  42,  54,  43,  28,  35,  26,  47,  39,  38,  22,  49,  27,  41,  51,   9,  52,  52,  52,  48,  50,  48,   9,  35,  34,  64,  51,  35,   8,  21,  53,  32,  41,  39,  65,  28,  32,  51,  23,  38,  51,  39,  26,  64,  27,  68,  31,  69,  58,  42,  47,  21,  82,  51,  21,  44,  24,  72,  18,  54,  26,   5,  43  ],
[53,  41,  74,  71,  69,  91,  23,  84,  39,  56,   0,  33,  46,  44,  67,  26,  35,  27,  64,  48,  55,  57,  13,  36,  77,  77,  38,  30,  47,  71,   9,  70,  38,  52,  87,  29,  54,  16,  16,  16,  41,  42,  69,  53,  37,  42,  84,  36,  46,  58,  16,  78,  14,  15,  26,  38,  45,  39,  94,  16,  67,  57,  79,  51,  74,  77,  36,  70,  15,  44,  84,  83,  57,   6,  56,  24,  52,  37,  87,  63,  78,  50,   9,  81,  84,  62,  36,  22,  85,  15,  66,   9,  45,  39,  79,  60,  77,  21,  61,  39,  36,  60,  45,  50,  25,  84,  72,  98,  70,  39,  34,  68,  75,  40,  42,  69,  54,  65,  59,  32  ],
[71,  37,  82,  63,  84,  88,  56,  92,  72,  66,  33,   0,  49,  14,  82,  24,  65,  58,  66,  40,  83,  87,  28,  68,  64,  67,  60,  62,  15,  59,  27,  64,  71,  36,  88,  56,  47,  47,  42,  25,  22,  15,  82,  79,  56,  45, 105,  30,  21,  84,  37,  86,  30,  44,  59,  13,  35,  68,  92,  18,  92,  51,  97,  74,  99,  68,  29,  70,  47,  67, 103, 107,  71,  39,  86,  14,  33,  68, 108,  69,  97,  41,  31, 105, 100,  73,  46,  15,  86,  38,  90,  34,  41,  35, 104,  57,  98,  16,  86,  40,   4,  82,  13,  74,  13, 110,  61,  95,  85,  70,  16,  84,  63,  61,  75,  83,  32,  84,  66,  61  ],
[30,  12,  34,  26,  38,  45,  57,  44,  64,  19,  46,  49,   0,  44,  38,  26,  78,  47,  18,  14,  56,  62,  34,  55,  35,  34,  30,  52,  50,  30,  40,  25,  67,  26,  42,  38,  13,  59,  63,  56,  32,  41,  35,  47,  25,   4,  64,  18,  39,  53,  62,  38,  58,  39,  53,  38,  19,  46,  47,  40,  57,  14,  53,  39,  63,  33,  20,  24,  45,  36,  59,  68,  27,  45,  62,  36,  30,  54,  66,  20,  54,  16,  54,  68,  54,  27,  13,  37,  40,  33,  54,  55,  10,  14,  67,  14,  56,  36,  53,   9,  46,  43,  49,  42,  54,  74,  31,  51,  40,  79,  33,  39,  34,  30,  73,  37,  35,  43,  18,  45  ],
[71,  32,  77,  53,  82,  78,  66,  88,  81,  63,  44,  14,  44,   0,  81,  26,  78,  65,  60,  33,  88,  93,  35,  76,  53,  56,  63,  70,   6,  48,  36,  55,  81,  25,  80,  62,  39,  59,  55,  39,  13,   4,  79,  82,  58,  41, 106,  27,   7,  88,  51,  81,  44,  51,  68,   7,  27,  73,  83,  28,  95,  43,  96,  76, 101,  58,  25,  63,  55,  70, 103, 108,  70,  48,  92,  20,  21,  76, 108,  64,  97,  32,  44, 107,  98,  71,  45,  22,  78,  44,  92,  47,  35,  31, 106,  50,  98,  23,  89,  36,  10,  83,   5,  77,  28, 113,  49,  85,  84,  82,  14,  82,  51,  64,  85,  81,  19,  85,  62,  68  ],
[14,  49,  19,  50,   2,  50,  64,  22,  61,  19,  67,  82,  38,  81,   0,  58,  87,  50,  31,  52,  38,  44,  60,  52,  60,  57,  29,  52,  87,  58,  64,  47,  66,  63,  39,  41,  48,  74,  81,  81,  69,  77,   7,  28,  30,  40,  27,  54,  76,  31,  82,  20,  81,  53,  57,  74,  57,  40,  47,  69,  29,  46,  16,  21,  31,  54,  56,  36,  57,  26,  22,  33,  11,  62,  45,  68,  67,  50,  29,  23,  16,  53,  76,  34,  17,  12,  37,  69,  37,  52,  25,  76,  47,  50,  34,  41,  20,  67,  27,  45,  81,  15,  86,  26,  84,  41,  59,  53,   3,  85,  68,   1,  61,  27,  72,   4,  73,  10,  22,  45  ],
[47,  17,  59,  47,  60,  69,  44,  69,  57,  42,  26,  24,  26,  26,  58,   0,  61,  41,  45,  23,  62,  67,  13,  51,  52,  53,  37,  46,  31,  46,  17,  47,  58,  26,  68,  36,  30,  41,  41,  31,  18,  23,  58,  56,  33,  22,  81,  11,  25,  62,  39,  63,  34,  27,  44,  19,  20,  47,  73,  14,  69,  34,  73,  50,  76,  53,  11,  50,  32,  45,  79,  83,  47,  27,  66,  10,  27,  50,  84,  46,  73,  25,  30,  82,  76,  49,  22,  11,  66,  19,  66,  33,  21,  15,  81,  38,  74,  10,  64,  17,  23,  58,  30,  51,  28,  87,  47,  76,  61,  64,  13,  60,  50,  38,  63,  59,  30,  60,  43,  42  ],
[73,  75,  99, 104,  89, 122,  23, 107,  30,  82,  35,  65,  78,  78,  87,  61,   0,  36,  94,  83,  58,  57,  48,  36, 111, 111,  58,  34,  80, 105,  44, 103,  25,  87, 116,  46,  87,  20,  23,  40,  77,  76,  91,  63,  60,  75,  93,  71,  81,  64,  28, 103,  35,  39,  29,  73,  81,  48, 123,  51,  74,  91,  94,  66,  80, 110,  71, 100,  33,  60,  98,  90,  80,  34,  55,  59,  87,  38,  98,  91,  92,  84,  34,  87, 101,  86,  66,  57, 113,  46,  75,  31,  79,  73,  84,  92,  89,  56,  69,  72,  68,  75,  78,  62,  53,  87, 107, 128,  89,   6,  69,  87, 110,  60,  22,  90,  90,  80,  86,  42  ],
[37,  49,  63,  73,  53,  88,  14,  71,  17,  47,  27,  58,  47,  65,  50,  41,  36,   0,  60,  56,  28,  31,  30,  10,  82,  81,  22,   5,  70,  77,  31,  72,  20,  64,  81,  10,  59,  25,  34,  42,  59,  63,  55,  29,  25,  45,  60,  47,  66,  32,  37,  67,  39,  14,   7,  59,  56,  13,  88,  39,  42,  61,  58,  31,  49,  80,  48,  67,  12,  24,  63,  58,  44,  21,  29,  45,  66,  10,  64,  56,  57,  58,  35,  56,  66,  50,  35,  44,  79,  22,  41,  33,  51,  47,  53,  61,  55,  43,  37,  44,  59,  39,  68,  27,  52,  58,  78,  93,  53,  35,  53,  51,  81,  24,  26,  54,  70,  45,  52,   6  ],
[31,  29,  19,  20,  30,  28,  71,  28,  75,  15,  64,  66,  18,  60,  31,  45,  94,  60,   0,  27,  61,  67,  53,  66,  30,  26,  39,  64,  66,  27,  58,  16,  79,  37,  23,  50,  21,  76,  80,  74,  47,  57,  25,  51,  35,  23,  58,  36,  54,  56,  80,  22,  76,  55,  67,  55,  33,  55,  30,  58,  57,  18,  45,  42,  61,  24,  37,   7,  60,  42,  51,  63,  24,  62,  68,  54,  42,  64,  59,   7,  47,  28,  72,  64,  43,  19,  28,  55,  21,  49,  53,  73,  25,  31,  65,  11,  50,  55,  54,  27,  63,  42,  65,  46,  73,  71,  28,  34,  32,  94,  50,  32,  30,  38,  85,  28,  47,  40,  10,  56  ],
[45,   8,  45,  24,  52,  48,  64,  55,  73,  33,  48,  40,  14,  33,  52,  23,  83,  56,  27,   0,  69,  75,  35,  65,  28,  29,  43,  61,  38,  23,  40,  24,  75,  11,  48,  48,   7,  63,  64,  54,  20,  29,  48,  61,  37,  14,  78,  13,  27,  67,  62,  49,  57,  45,  61,  28,   6,  58,  52,  37,  72,  11,  67,  53,  77,  30,  13,  30,  51,  49,  74,  82,  41,  49,  75,  31,  16,  64,  80,  32,  68,   2,  54,  82,  67,  40,  23,  33,  46,  38,  68,  56,   5,   9,  81,  17,  70,  32,  67,  12,  37,  57,  38,  55,  49,  88,  24,  55,  54,  85,  24,  53,  27,  43,  81,  50,  21,  57,  31,  55  ],
[30,  63,  56,  79,  40,  86,  39,  60,  28,  46,  55,  83,  56,  88,  38,  62,  58,  28,  61,  69,   0,   6,  55,  22,  89,  86,  27,  26,  93,  85,  57,  77,  33,  80,  76,  27,  69,  52,  62,  70,  79,  85,  45,  11,  32,  56,  36,  65,  86,   7,  65,  58,  68,  40,  32,  81,  72,  16,  85,  65,  16,  70,  39,  20,  22,  85,  66,  68,  40,  20,  41,  32,  38,  48,   7,  69,  83,  20,  40,  55,  37,  71,  63,  29,  47,  44,  47,  68,  74,  45,  17,  61,  64,  63,  26,  67,  33,  67,  13,  58,  83,  23,  92,  15,  79,  30,  86,  90,  40,  54,  74,  38,  89,  26,  38,  42,  88,  28,  51,  23  ],
[36,  69,  62,  85,  45,  92,  40,  65,  27,  52,  57,  87,  62,  93,  44,  67,  57,  31,  67,  75,   6,   0,  59,  23,  95,  93,  33,  28,  98,  91,  61,  83,  32,  85,  82,  31,  75,  54,  63,  73,  84,  89,  51,  17,  38,  62,  38,  70,  91,  12,  67,  64,  70,  44,  34,  85,  77,  19,  90,  69,  19,  76,  43,  26,  24,  91,  71,  74,  43,  26,  45,  34,  44,  51,   2,  73,  88,  21,  42,  61,  41,  77,  65,  30,  52,  50,  52,  72,  80,  49,  21,  64,  70,  68,  27,  73,  36,  71,  17,  64,  88,  28,  96,  21,  82,  30,  92,  96,  45,  53,  79,  43,  95,  32,  36,  48,  93,  34,  57,  26  ],
[47,  28,  64,  58,  62,  79,  32,  74,  46,  46,  13,  28,  34,  35,  60,  13,  48,  30,  53,  35,  55,  59,   0,  41,  64,  64,  34,  35,  40,  58,   5,  58,  46,  39,  76,  28,  41,  28,  29,  22,  30,  33,  61,  51,  31,  30,  80,  23,  36,  57,  27,  68,  23,  16,  33,  28,  33,  40,  82,  10,  65,  45,  73,  47,  72,  64,  23,  59,  20,  41,  79,  80,  49,  14,  58,  15,  40,  41,  83,  52,  73,  37,  19,  79,  77,  53,  25,  13,  74,  10,  63,  21,  33,  26,  77,  48,  73,  12,  59,  27,  29,  56,  38,  47,  25,  83,  60,  86,  63,  51,  23,  61,  62,  35,  51,  61,  43,  59,  49,  33  ],
[40,  58,  67,  81,  54,  94,  17,  74,   9,  52,  36,  68,  55,  76,  52,  51,  36,  10,  66,  65,  22,  23,  41,   0,  90,  89,  27,   6,  80,  85,  41,  79,  14,  74,  86,  17,  68,  31,  40,  51,  69,  73,  58,  27,  31,  53,  57,  57,  76,  28,  44,  70,  48,  25,  11,  69,  66,  12,  94,  50,  38,  70,  58,  31,  44,  87,  58,  74,  22,  26,  61,  54,  47,  30,  21,  56,  76,   2,  61,  62,  56,  67,  43,  51,  66,  54,  43,  54,  84,  32,  38,  41,  61,  57,  48,  69,  53,  53,  33,  53,  69,  39,  79,  27,  61,  52,  86,  99,  55,  34,  63,  52,  90,  29,  20,  56,  80,  45,  57,  10  ],
[60,  36,  46,  10,  60,  28,  91,  53,  99,  44,  77,  64,  35,  53,  60,  52, 111,  82,  30,  28,  89,  95,  64,  90,   0,   5,  64,  86,  57,   6,  69,  14, 101,  29,  36,  73,  23,  91,  93,  82,  43,  51,  54,  79,  59,  37,  87,  41,  46,  85,  91,  48,  85,  73,  88,  51,  32,  81,  35,  65,  87,  21,  74,  70,  91,   8,  41,  25,  78,  69,  80,  93,  53,  77,  95,  58,  32,  89,  88,  37,  76,  27,  82,  94,  71,  49,  47,  60,  35,  65,  83,  84,  32,  38,  94,  22,  80,  60,  83,  39,  61,  72,  57,  74,  75, 101,   4,  35,  61, 113,  50,  62,   2,  64, 108,  57,  35,  69,  39,  80  ],
[57,  36,  41,   7,  56,  24,  90,  48,  97,  41,  77,  67,  34,  56,  57,  53, 111,  81,  26,  29,  86,  93,  64,  89,   5,   0,  62,  85,  61,   8,  69,  10, 100,  31,  31,  71,  23,  92,  93,  83,  46,  54,  50,  76,  58,  36,  83,  42,  49,  82,  91,  43,  86,  72,  87,  54,  34,  79,  30,  67,  83,  20,  70,  67,  87,   3,  42,  21,  78,  67,  76,  89,  50,  77,  93,  60,  35,  87,  84,  33,  72,  28,  83,  90,  66,  46,  46,  62,  30,  65,  79,  85,  32,  38,  91,  20,  76,  61,  80,  38,  63,  68,  61,  71,  77,  97,   7,  30,  57, 112,  52,  58,   7,  62, 106,  53,  38,  66,  36,  78  ],
[15,  36,  41,  55,  32,  67,  35,  49,  37,  25,  38,  60,  30,  63,  29,  37,  58,  22,  39,  43,  27,  33,  34,  27,  64,  62,   0,  25,  68,  60,  37,  52,  40,  53,  59,  13,  43,  44,  51,  53,  52,  59,  33,  19,   5,  29,  46,  38,  60,  26,  53,  44,  52,  24,  29,  55,  45,  17,  67,  43,  33,  44,  40,  14,  39,  61,  39,  46,  27,   8,  46,  47,  21,  33,  32,  45,  56,  26,  49,  34,  40,  45,  47,  46,  46,  27,  20,  45,  57,  24,  30,  47,  37,  36,  44,  42,  39,  44,  27,  31,  59,  22,  67,  14,  59,  50,  61,  72,  32,  57,  49,  30,  64,   2,  47,  32,  61,  26,  30,  18  ],
[39,  54,  66,  78,  55,  92,  13,  73,  12,  50,  30,  62,  52,  70,  52,  46,  34,   5,  64,  61,  26,  28,  35,   6,  86,  85,  25,   0,  75,  81,  35,  76,  15,  69,  84,  14,  64,  26,  35,  45,  64,  67,  57,  29,  29,  49,  60,  52,  70,  31,  39,  69,  42,  19,   6,  63,  61,  13,  92,  44,  41,  66,  59,  32,  48,  84,  53,  71,  16,  26,  64,  58,  46,  24,  26,  50,  71,   6,  64,  60,  58,  63,  38,  55,  67,  53,  39,  48,  82,  26,  41,  36,  56,  52,  52,  65,  55,  47,  36,  49,  64,  40,  73,  28,  55,  57,  83,  97,  55,  33,  57,  53,  86,  27,  22,  56,  75,  46,  55,   8  ],
[77,  38,  83,  58,  88,  83,  70,  93,  85,  68,  47,  15,  50,   6,  87,  31,  80,  70,  66,  38,  93,  98,  40,  80,  57,  61,  68,  75,   0,  52,  40,  60,  85,  30,  86,  67,  45,  62,  57,  41,  18,   9,  85,  87,  64,  47, 112,  32,  12,  93,  53,  87,  46,  56,  72,  13,  32,  78,  88,  32, 101,  49, 102,  81, 107,  62,  31,  68,  59,  76, 108, 114,  76,  52,  97,  25,  26,  80, 114,  70, 102,  38,  46, 113, 103,  77,  51,  26,  84,  49,  98,  49,  41,  37, 112,  55, 104,  28,  95,  42,  12,  88,   2,  82,  28, 118,  54,  90,  89,  85,  19,  88,  55,  69,  89,  86,  23,  90,  68,  72  ],
[56,  30,  44,   8,  58,  31,  85,  52,  94,  41,  71,  59,  30,  48,  58,  46, 105,  77,  27,  23,  85,  91,  58,  85,   6,   8,  60,  81,  52,   0,  63,  12,  96,  23,  37,  68,  18,  86,  87,  76,  38,  46,  52,  75,  55,  32,  85,  35,  41,  81,  85,  47,  79,  67,  82,  46,  26,  76,  37,  60,  83,  16,  72,  66,  88,  10,  35,  24,  73,  65,  78,  90,  50,  71,  91,  52,  27,  84,  86,  35,  74,  21,  76,  91,  69,  46,  42,  54,  36,  60,  79,  78,  26,  32,  91,  18,  78,  54,  80,  33,  55,  68,  53,  70,  70,  98,   1,  38,  59, 107,  44,  59,   4,  59, 102,  55,  30,  66,  36,  75  ],
[51,  33,  70,  63,  66,  85,  30,  79,  45,  51,   9,  27,  40,  36,  64,  17,  44,  31,  58,  40,  57,  61,   5,  41,  69,  69,  37,  35,  40,  63,   0,  63,  45,  43,  81,  31,  46,  24,  24,  17,  33,  34,  66,  54,  35,  36,  83,  28,  38,  59,  22,  74,  18,  17,  32,  30,  37,  42,  87,   9,  68,  50,  77,  51,  75,  70,  28,  64,  20,  44,  83,  84,  54,  12,  60,  16,  43,  41,  87,  58,  77,  42,  14,  82,  82,  58,  31,  14,  79,  13,  66,  16,  38,  31,  80,  53,  77,  13,  62,  32,  28,  60,  38,  50,  22,  86,  64,  91,  67,  48,  25,  66,  67,  39,  49,  66,  46,  64,  54,  35  ],
[47,  30,  32,   4,  46,  23,  82,  40,  88,  31,  70,  64,  25,  55,  47,  47, 103,  72,  16,  24,  77,  83,  58,  79,  14,  10,  52,  76,  60,  12,  63,   0,  91,  30,  26,  62,  17,  84,  87,  78,  43,  52,  41,  66,  48,  28,  74,  37,  48,  72,  85,  35,  80,  64,  78,  51,  30,  69,  28,  61,  73,  13,  61,  57,  77,   8,  37,  12,  70,  57,  67,  79,  40,  69,  83,  55,  34,  78,  74,  24,  62,  24,  77,  81,  57,  36,  37,  57,  25,  57,  69,  79,  26,  32,  81,  11,  66,  56,  70,  31,  61,  58,  60,  61,  73,  87,  12,  30,  48, 104,  49,  48,  14,  52,  98,  44,  39,  56,  26,  69  ],
[53,  68,  81,  93,  68, 107,  15,  87,   5,  65,  38,  71,  67,  81,  66,  58,  25,  20,  79,  75,  33,  32,  46,  14, 101, 100,  40,  15,  85,  96,  45,  91,   0,  83,  99,  29,  78,  27,  36,  50,  76,  79,  71,  40,  44,  64,  69,  66,  82,  40,  41,  84,  46,  31,  14,  75,  75,  26, 107,  53,  50,  81,  71,  45,  55,  99,  66,  86,  26,  40,  74,  65,  61,  33,  30,  61,  84,  16,  73,  75,  69,  77,  43,  62,  79,  67,  54,  59,  97,  39,  50,  40,  71,  66,  59,  80,  66,  58,  45,  64,  73,  52,  83,  40,  62,  62,  97, 112,  68,  21,  69,  66, 101,  42,   6,  70,  88,  58,  70,  23  ],
[56,  16,  56,  28,  64,  53,  70,  65,  81,  44,  52,  36,  26,  25,  63,  26,  87,  64,  37,  11,  80,  85,  39,  74,  29,  31,  53,  69,  30,  23,  43,  30,  83,   0,  56,  57,  16,  68,  67,  54,  14,  22,  60,  72,  48,  25,  90,  17,  18,  78,  64,  59,  58,  52,  69,  22,   8,  68,  58,  38,  83,  19,  79,  64,  88,  33,  16,  39,  57,  60,  85,  93,  53,  53,  85,  30,   4,  73,  91,  42,  79,  10,  56,  93,  78,  52,  33,  33,  54,  44,  79,  58,  16,  17,  93,  26,  82,  33,  78,  22,  32,  69,  30,  66,  47,  99,  25,  60,  65,  90,  21,  64,  27,  53,  88,  62,  10,  69,  42,  64  ],
[47,  51,  20,  29,  37,  12,  93,  21,  95,  34,  87,  88,  42,  80,  39,  68, 116,  81,  23,  48,  76,  82,  76,  86,  36,  31,  59,  84,  86,  37,  81,  26,  99,  56,   0,  71,  41,  99, 103,  98,  68,  77,  32,  65,  56,  46,  61,  59,  74,  70, 103,  19,  99,  77,  88,  76,  54,  74,   9,  82,  67,  37,  48,  57,  69,  28,  59,  18,  83,  60,  52,  68,  39,  85,  83,  77,  60,  84,  60,  25,  50,  48,  95,  70,  41,  32,  51,  78,   2,  72,  64,  96,  47,  54,  71,  31,  55,  78,  66,  50,  85,  54,  85,  62,  96,  77,  37,  14,  38, 116,  72,  40,  37,  57, 105,  34,  65,  49,  29,  76  ],
[28,  41,  54,  64,  44,  78,  23,  61,  26,  37,  29,  56,  38,  62,  41,  36,  46,  10,  50,  48,  27,  31,  28,  17,  73,  71,  13,  14,  67,  68,  31,  62,  29,  57,  71,   0,  50,  32,  40,  45,  53,  59,  46,  24,  15,  36,  55,  40,  61,  29,  42,  57,  43,  14,  17,  55,  49,  12,  78,  38,  38,  52,  51,  23,  45,  70,  42,  57,  16,  16,  56,  54,  34,  23,  30,  42,  59,  16,  58,  46,  50,  50,  38,  52,  57,  40,  26,  41,  69,  18,  36,  37,  43,  40,  50,  51,  49,  40,  32,  36,  57,  32,  65,  21,  52,  55,  69,  83,  44,  45,  48,  42,  72,  14,  36,  45,  64,  37,  42,   7  ],
[43,  13,  39,  17,  48,  41,  68,  49,  76,  29,  54,  47,  13,  39,  48,  30,  87,  59,  21,   7,  69,  75,  41,  68,  23,  23,  43,  64,  45,  18,  46,  17,  78,  16,  41,  50,   0,  68,  70,  61,  27,  36,  44,  60,  38,  14,  75,  19,  33,  66,  68,  43,  63,  49,  65,  35,  13,  59,  45,  44,  70,   4,  63,  51,  75,  23,  20,  23,  55,  49,  70,  79,  38,  53,  75,  38,  21,  66,  76,  26,  64,   7,  60,  80,  62,  36,  25,  39,  39,  42,  66,  62,   8,  15,  79,  10,  67,  39,  66,  15,  44,  55,  45,  55,  56,  86,  19,  48,  50,  89,  31,  49,  22,  43,  85,  46,  26,  55,  26,  57  ],
[59,  56,  84,  85,  76, 104,  14,  92,  30,  66,  16,  47,  59,  59,  74,  41,  20,  25,  76,  63,  52,  54,  28,  31,  91,  92,  44,  26,  62,  86,  24,  84,  27,  68,  99,  32,  68,   0,   9,  24,  57,  57,  77,  54,  45,  56,  85,  51,  62,  57,  14,  87,  19,  21,  20,  54,  61,  38, 106,  31,  67,  72,  83,  55,  74,  91,  51,  83,  17,  48,  88,  84,  65,  15,  52,  40,  68,  32,  89,  74,  82,  65,  16,  81,  90,  71,  48,  38,  97,  27,  67,  14,  60,  54,  78,  74,  80,  37,  62,  53,  50,  64,  60,  52,  36,  83,  87, 110,  76,  23,  49,  74,  90,  46,  29,  76,  70,  69,  70,  31  ],
[66,  57,  89,  87,  83, 108,  23,  98,  39,  71,  16,  42,  63,  55,  81,  41,  23,  34,  80,  64,  62,  63,  29,  40,  93,  93,  51,  35,  57,  87,  24,  87,  36,  67, 103,  40,  70,   9,   0,  17,  55,  54,  84,  63,  51,  59,  94,  52,  59,  66,   5,  93,  12,  27,  30,  51,  61,  47, 110,  29,  76,  74,  91,  63,  83,  93,  52,  87,  24,  56,  96,  92,  72,  19,  61,  38,  67,  42,  98,  79,  90,  66,  12,  90,  97,  77,  52,  35, 101,  31,  75,   9,  62,  55,  87,  76,  88,  35,  71,  55,  46,  72,  55,  60,  30,  92,  88, 114,  84,  28,  47,  81,  91,  53,  37,  83,  68,  77,  75,  40  ],
[68,  48,  87,  78,  83, 100,  36,  96,  52,  68,  16,  25,  56,  39,  81,  31,  40,  42,  74,  54,  70,  73,  22,  51,  82,  83,  53,  45,  41,  76,  17,  78,  50,  54,  98,  45,  61,  24,  17,   0,  41,  38,  83,  69,  51,  52,  99,  41,  44,  73,  12,  91,   5,  30,  40,  35,  50,  55, 103,  17,  83,  64,  94,  67,  89,  84,  41,  80,  30,  60,  99,  99,  71,  22,  71,  24,  53,  52, 102,  75,  93,  55,   8,  97,  99,  75,  48,  22,  96,  29,  81,  10,  52,  46,  94,  68,  92,  22,  77,  48,  29,  76,  39,  65,  13, 100,  78, 107,  84,  45,  33,  82,  80,  55,  53,  83,  54,  80,  71,  47  ],
[59,  20,  65,  42,  70,  67,  62,  75,  75,  50,  41,  22,  32,  13,  69,  18,  77,  59,  47,  20,  79,  84,  30,  69,  43,  46,  52,  64,  18,  38,  33,  43,  76,  14,  68,  53,  27,  57,  55,  41,   0,   9,  67,  72,  48,  29,  94,  15,   8,  78,  52,  69,  45,  45,  62,   8,  14,  65,  71,  26,  84,  31,  84,  65,  90,  47,  13,  50,  50,  60,  91,  97,  58,  44,  83,  18,  12,  68,  96,  51,  85,  20,  44,  96,  85,  58,  34,  20,  66,  37,  81,  47,  22,  19,  95,  37,  86,  21,  79,  24,  18,  72,  18,  67,  33, 102,  39,  74,  71,  81,   8,  70,  41,  54,  81,  68,  13,  73,  50,  60  ],
[67,  29,  74,  50,  79,  75,  64,  84,  78,  59,  42,  15,  41,   4,  77,  23,  76,  63,  57,  29,  85,  89,  33,  73,  51,  54,  59,  67,   9,  46,  34,  52,  79,  22,  77,  59,  36,  57,  54,  38,   9,   0,  76,  79,  55,  38, 102,  23,   6,  85,  50,  78,  43,  49,  65,   4,  23,  70,  80,  26,  92,  40,  93,  72,  98,  55,  22,  59,  53,  67,  99, 105,  66,  46,  89,  18,  19,  73, 105,  60,  93,  29,  42, 104,  94,  67,  42,  20,  75,  41,  89,  45,  32,  27, 103,  46,  94,  21,  86,  33,  11,  79,   9,  73,  28, 109,  47,  82,  80,  81,  10,  79,  49,  60,  83,  77,  17,  81,  59,  65  ],
[18,  47,  11,  44,   6,  43,  68,  16,  67,  17,  69,  82,  35,  79,   7,  58,  91,  55,  25,  48,  45,  51,  61,  58,  54,  50,  33,  57,  85,  52,  66,  41,  71,  60,  32,  46,  44,  77,  84,  83,  67,  76,   0,  34,  33,  38,  33,  53,  74,  38,  85,  13,  83,  56,  62,  73,  54,  46,  40,  70,  36,  42,  20,  27,  38,  48,  54,  29,  60,  32,  26,  39,  12,  65,  52,  68,  64,  56,  34,  18,  22,  50,  78,  40,  19,   9,  37,  69,  30,  54,  32,  79,  45,  48,  41,  36,  26,  67,  35,  43,  80,  22,  84,  32,  85,  47,  53,  46,   7,  90,  67,   8,  55,  31,  78,   3,  70,  18,  18,  50  ],
[19,  55,  45,  69,  30,  75,  42,  50,  35,  35,  53,  79,  47,  82,  28,  56,  63,  29,  51,  61,  11,  17,  51,  27,  79,  76,  19,  29,  87,  75,  54,  66,  40,  72,  65,  24,  60,  54,  63,  69,  72,  79,  34,   0,  24,  47,  31,  57,  80,   6,  66,  47,  67,  38,  35,  75,  64,  16,  74,  61,  14,  60,  31,   9,  21,  74,  59,  57,  40,  12,  35,  30,  27,  47,  17,  64,  75,  25,  35,  44,  29,  63,  62,  28,  39,  33,  38,  64,  64,  42,  12,  61,  56,  55,  26,  57,  26,  62,   8,  50,  78,  13,  86,   5,  76,  31,  76,  79,  30,  60,  68,  28,  79,  18,  46,  32,  80,  19,  41,  23  ],
[16,  31,  39,  50,  32,  63,  37,  48,  40,  22,  37,  56,  25,  58,  30,  33,  60,  25,  35,  37,  32,  38,  31,  31,  59,  58,   5,  29,  64,  55,  35,  48,  44,  48,  56,  15,  38,  45,  51,  51,  48,  55,  33,  24,   0,  24,  49,  33,  55,  30,  52,  43,  51,  24,  32,  51,  40,  21,  64,  40,  37,  39,  42,  18,  43,  56,  34,  42,  28,  13,  48,  51,  21,  32,  37,  42,  51,  30,  52,  31,  42,  39,  46,  50,  47,  26,  15,  41,  54,  22,  34,  46,  32,  31,  48,  38,  42,  40,  31,  26,  55,  26,  62,  19,  56,  54,  56,  69,  33,  60,  45,  31,  59,   6,  50,  32,  56,  29,  27,  21  ],
[32,   9,  37,  29,  41,  49,  54,  48,  62,  21,  42,  45,   4,  41,  40,  22,  75,  45,  23,  14,  56,  62,  30,  53,  37,  36,  29,  49,  47,  32,  36,  28,  64,  25,  46,  36,  14,  56,  59,  52,  29,  38,  38,  47,  24,   0,  66,  15,  36,  53,  58,  41,  54,  36,  51,  35,  17,  45,  51,  36,  58,  17,  55,  39,  64,  36,  16,  28,  42,  36,  62,  69,  29,  41,  61,  32,  28,  52,  68,  24,  56,  16,  50,  69,  56,  30,  10,  33,  44,  29,  55,  51,   9,  10,  68,  18,  58,  32,  53,   5,  42,  44,  46,  42,  50,  75,  33,  55,  42,  76,  29,  41,  36,  29,  70,  39,  34,  45,  22,  43  ],
[35,  75,  43,  77,  27,  73,  73,  40,  64,  46,  84, 105,  64, 106,  27,  81,  93,  60,  58,  78,  36,  38,  80,  57,  87,  83,  46,  60, 112,  85,  83,  74,  69,  90,  61,  55,  75,  85,  94,  99,  94, 102,  33,  31,  49,  66,   0,  79, 102,  29,  97,  42,  98,  69,  66,  99,  83,  47,  69,  89,  19,  74,  13,  32,  15,  81,  81,  62,  70,  39,   9,   8,  37,  78,  40,  91,  94,  55,   4,  51,  11,  80,  92,  11,  20,  39,  60,  91,  60,  70,  19,  92,  74,  76,  13,  68,   8,  89,  24,  70, 104,  24, 110,  34, 105,  17,  86,  74,  26,  90,  93,  26,  88,  44,  74,  30,  99,  21,  49,  54  ],
[45,   7,  52,  36,  56,  59,  53,  62,  64,  36,  36,  30,  18,  27,  54,  11,  71,  47,  36,  13,  65,  70,  23,  57,  41,  42,  38,  52,  32,  35,  28,  37,  66,  17,  59,  40,  19,  51,  52,  41,  15,  23,  53,  57,  33,  15,  79,   0,  23,  64,  50,  56,  44,  35,  51,  20,  10,  51,  63,  25,  70,  23,  70,  50,  76,  42,   1,  40,  40,  46,  76,  82,  43,  37,  69,  19,  19,  56,  82,  39,  70,  14,  41,  82,  71,  44,  19,  20,  56,  27,  66,  43,  11,   5,  80,  28,  72,  20,  64,  10,  28,  57,  31,  52,  37,  87,  37,  66,  57,  73,  15,  56,  40,  39,  71,  54,  24,  58,  36,  47  ],
[67,  27,  72,  46,  77,  71,  68,  82,  82,  58,  46,  21,  39,   7,  76,  25,  81,  66,  54,  27,  86,  91,  36,  76,  46,  49,  60,  70,  12,  41,  38,  48,  82,  18,  74,  61,  33,  62,  59,  44,   8,   6,  74,  80,  55,  36, 102,  23,   0,  86,  55,  75,  48,  52,  68,   9,  21,  72,  76,  31,  92,  37,  92,  73,  98,  50,  21,  56,  56,  68,  98, 105,  65,  50,  90,  22,  14,  75, 104,  58,  92,  26,  47, 104,  93,  66,  42,  24,  72,  44,  89,  50,  30,  26, 103,  43,  94,  25,  87,  32,  16,  79,  12,  74,  33, 110,  42,  78,  79,  85,  13,  78,  44,  61,  87,  76,  12,  81,  57,  67  ],
[25,  61,  50,  75,  33,  80,  44,  53,  35,  41,  58,  84,  53,  88,  31,  62,  64,  32,  56,  67,   7,  12,  57,  28,  85,  82,  26,  31,  93,  81,  59,  72,  40,  78,  70,  29,  66,  57,  66,  73,  78,  85,  38,   6,  30,  53,  29,  64,  86,   0,  70,  51,  71,  43,  37,  81,  70,  19,  78,  67,  10,  67,  31,  15,  16,  80,  65,  63,  43,  18,  34,  26,  33,  51,  13,  70,  81,  26,  33,  50,  30,  69,  66,  24,  40,  38,  45,  69,  68,  47,  10,  65,  62,  61,  21,  63,  26,  68,   5,  56,  84,  16,  92,  12,  81,  26,  82,  84,  33,  61,  74,  31,  85,  25,  45,  36,  86,  21,  46,  27  ],
[68,  55,  90,  85,  84, 107,  28,  99,  44,  72,  16,  37,  62,  51,  82,  39,  28,  37,  80,  62,  65,  67,  27,  44,  91,  91,  53,  39,  53,  85,  22,  85,  41,  64, 103,  42,  68,  14,   5,  12,  52,  50,  85,  66,  52,  58,  97,  50,  55,  70,   0,  94,   7,  29,  34,  47,  59,  51, 109,  26,  79,  72,  93,  65,  86,  92,  49,  86,  26,  58,  99,  96,  73,  20,  65,  34,  64,  46, 101,  79,  92,  64,   8,  93,  99,  77,  52,  32, 101,  31,  78,   7,  60,  53,  91,  75,  91,  32,  74,  54,  41,  74,  51,  63,  25,  96,  86, 113,  85,  34,  44,  83,  89,  55,  43,  84,  65,  79,  75,  43  ],
[30,  49,   4,  38,  18,  31,  80,   6,  79,  22,  78,  86,  38,  81,  20,  63, 103,  67,  22,  49,  58,  64,  68,  70,  48,  43,  44,  69,  87,  47,  74,  35,  84,  59,  19,  57,  43,  87,  93,  91,  69,  78,  13,  47,  43,  41,  42,  56,  75,  51,  94,   0,  91,  66,  74,  76,  55,  58,  28,  76,  48,  40,  29,  40,  50,  40,  57,  23,  71,  44,  34,  49,  23,  74,  65,  73,  64,  68,  42,  17,  31,  50,  87,  51,  23,  17,  43,  74,  18,  63,  45,  87,  46,  51,  52,  33,  36,  73,  47,  47,  84,  35,  86,  45,  91,  58,  47,  33,  19, 102,  71,  21,  49,  43,  90,  16,  69,  30,  20,  62  ],
[67,  50,  87,  80,  83, 102,  32,  97,  48,  69,  14,  30,  58,  44,  81,  34,  35,  39,  76,  57,  68,  70,  23,  48,  85,  86,  52,  42,  46,  79,  18,  80,  46,  58,  99,  43,  63,  19,  12,   5,  45,  43,  83,  67,  51,  54,  98,  44,  48,  71,   7,  91,   0,  29,  37,  40,  53,  52, 105,  20,  81,  67,  93,  66,  87,  87,  44,  82,  28,  58,  98,  97,  71,  20,  68,  28,  57,  49, 101,  76,  92,  58,   5,  95,  98,  75,  49,  26,  97,  29,  79,   6,  55,  48,  92,  71,  91,  25,  75,  50,  34,  75,  44,  64,  18,  98,  81, 109,  84,  40,  37,  82,  84,  54,  48,  83,  58,  79,  72,  45  ],
[39,  38,  62,  65,  55,  83,  18,  71,  30,  44,  15,  44,  39,  51,  53,  27,  39,  14,  55,  45,  40,  44,  16,  25,  73,  72,  24,  19,  56,  67,  17,  64,  31,  52,  77,  14,  49,  21,  27,  30,  45,  49,  56,  38,  24,  36,  69,  35,  52,  43,  29,  66,  29,   0,  17,  44,  44,  25,  84,  25,  52,  52,  64,  37,  59,  72,  36,  62,   6,  30,  70,  68,  44,   9,  43,  31,  53,  25,  72,  52,  64,  47,  24,  66,  70,  49,  27,  30,  75,   8,  51,  23,  41,  36,  64,  53,  62,  28,  47,  34,  45,  46,  54,  35,  38,  69,  68,  89,  56,  40,  39,  54,  72,  26,  36,  56,  57,  50,  48,  18  ],
[44,  54,  70,  80,  60,  95,   7,  78,  13,  54,  26,  59,  53,  68,  57,  44,  29,   7,  67,  61,  32,  34,  33,  11,  88,  87,  29,   6,  72,  82,  32,  78,  14,  69,  88,  17,  65,  20,  30,  40,  62,  65,  62,  35,  32,  51,  66,  51,  68,  37,  34,  74,  37,  17,   0,  61,  61,  19,  95,  40,  47,  67,  65,  37,  54,  86,  52,  74,  12,  31,  69,  64,  51,  20,  32,  47,  70,  12,  70,  63,  64,  63,  33,  61,  72,  57,  41,  46,  86,  25,  47,  30,  57,  52,  58,  67,  61,  44,  42,  50,  60,  46,  70,  34,  51,  63,  84, 100,  60,  28,  55,  58,  87,  31,  20,  61,  74,  51,  59,  13  ],
[64,  26,  72,  50,  76,  75,  60,  82,  74,  56,  38,  13,  38,   7,  74,  19,  73,  59,  55,  28,  81,  85,  28,  69,  51,  54,  55,  63,  13,  46,  30,  51,  75,  22,  76,  55,  35,  54,  51,  35,   8,   4,  73,  75,  51,  35,  99,  20,   9,  81,  47,  76,  40,  44,  61,   0,  22,  66,  79,  22,  88,  39,  90,  69,  94,  55,  19,  58,  49,  63,  96, 101,  63,  42,  85,  14,  20,  69, 101,  58,  90,  28,  39, 100,  91,  64,  38,  16,  74,  37,  85,  42,  30,  25,  99,  45,  91,  17,  82,  30,   9,  76,  11,  70,  25, 105,  47,  82,  77,  77,   6,  76,  49,  57,  79,  74,  19,  78,  56,  61  ],
[49,   9,  51,  29,  57,  53,  63,  61,  73,  38,  45,  35,  19,  27,  57,  20,  81,  56,  33,   6,  72,  77,  33,  66,  32,  34,  45,  61,  32,  26,  37,  30,  75,   8,  54,  49,  13,  61,  61,  50,  14,  23,  54,  64,  40,  17,  83,  10,  21,  70,  59,  55,  53,  44,  61,  22,   0,  60,  57,  33,  75,  17,  72,  56,  81,  34,   9,  36,  50,  52,  79,  86,  46,  47,  77,  26,  11,  65,  85,  38,  73,   6,  50,  86,  72,  46,  25,  28,  52,  36,  72,  52,   9,   9,  85,  23,  75,  28,  70,  14,  31,  61,  32,  58,  44,  92,  28,  60,  59,  83,  19,  58,  30,  46,  81,  56,  17,  62,  36,  56  ],
[28,  51,  55,  72,  42,  83,  26,  61,  21,  41,  39,  68,  46,  73,  40,  47,  48,  13,  55,  58,  16,  19,  40,  12,  81,  79,  17,  13,  78,  76,  42,  69,  26,  68,  74,  12,  59,  38,  47,  55,  65,  70,  46,  16,  21,  45,  47,  51,  72,  19,  51,  58,  52,  25,  19,  66,  60,   0,  82,  50,  29,  61,  46,  19,  35,  77,  53,  63,  25,  14,  50,  45,  35,  33,  18,  54,  70,  10,  51,  50,  45,  60,  47,  43,  54,  42,  35,  53,  72,  30,  28,  46,  53,  50,  40,  59,  42,  52,  23,  46,  68,  27,  77,  15,  63,  45,  77,  87,  43,  45,  60,  40,  80,  17,  32,  44,  75,  33,  46,   8  ],
[55,  56,  29,  30,  46,   6, 101,  29, 103,  42,  94,  92,  47,  83,  47,  73, 123,  88,  30,  52,  85,  90,  82,  94,  35,  30,  67,  92,  88,  37,  87,  28, 107,  58,   9,  78,  45, 106, 110, 103,  71,  80,  40,  74,  64,  51,  69,  63,  76,  78, 109,  28, 105,  84,  95,  79,  57,  82,   0,  87,  76,  40,  56,  65,  77,  27,  64,  23,  90,  68,  60,  76,  47,  91,  91,  82,  62,  92,  68,  33,  58,  51, 101,  78,  49,  41,  58,  83,  10,  79,  72, 102,  52,  58,  80,  35,  63,  83,  75,  56,  89,  62,  88,  70, 100,  85,  36,   5,  47, 123,  76,  48,  36,  65, 113,  43,  66,  58,  37,  84  ],
[56,  31,  72,  61,  71,  84,  39,  82,  54,  54,  16,  18,  40,  28,  69,  14,  51,  39,  58,  37,  65,  69,  10,  50,  65,  67,  43,  44,  32,  60,   9,  61,  53,  38,  82,  38,  44,  31,  29,  17,  26,  26,  70,  61,  40,  36,  89,  25,  31,  67,  26,  76,  20,  25,  40,  22,  33,  50,  87,   0,  75,  48,  83,  57,  82,  67,  24,  64,  28,  51,  89,  90,  58,  21,  68,   9,  38,  50,  93,  59,  82,  39,  17,  89,  86,  61,  33,   6,  80,  20,  73,  20,  36,  29,  87,  52,  82,   6,  69,  31,  20,  66,  30,  57,  16,  93,  61,  91,  72,  55,  18,  70,  64,  45,  58,  70,  39,  69,  56,  43  ],
[27,  67,  47,  77,  30,  79,  54,  49,  45,  43,  67,  92,  57,  95,  29,  69,  74,  42,  57,  72,  16,  19,  65,  38,  87,  83,  33,  41, 101,  83,  68,  73,  50,  83,  67,  38,  70,  67,  76,  83,  84,  92,  36,  14,  37,  58,  19,  70,  92,  10,  79,  48,  81,  52,  47,  88,  75,  29,  76,  75,   0,  70,  24,  19,   7,  81,  71,  63,  53,  25,  26,  16,  33,  61,  21,  78,  86,  36,  24,  50,  22,  73,  76,  14,  33,  38,  50,  77,  66,  55,   4,  75,  67,  67,  12,  65,  17,  76,   6,  61,  92,  15,  99,  18,  90,  18,  84,  81,  29,  71,  81,  28,  87,  31,  55,  33,  92,  18,  47,  36  ],
[42,  17,  37,  13,  47,  36,  70,  46,  78,  28,  57,  51,  14,  43,  46,  34,  91,  61,  18,  11,  70,  76,  45,  70,  21,  20,  44,  66,  49,  16,  50,  13,  81,  19,  37,  52,   4,  72,  74,  64,  31,  40,  42,  60,  39,  17,  74,  23,  37,  67,  72,  40,  67,  52,  67,  39,  17,  61,  40,  48,  70,   0,  62,  52,  74,  20,  24,  19,  58,  50,  68,  78,  37,  57,  76,  42,  24,  68,  75,  24,  63,  11,  64,  79,  60,  35,  27,  43,  35,  45,  66,  65,  12,  19,  79,   7,  66,  43,  66,  18,  48,  55,  48,  55,  60,  85,  17,  43,  48,  92,  36,  48,  20,  44,  87,  44,  29,  54,  24,  59  ],
[27,  65,  30,  64,  15,  60,  72,  27,  66,  35,  79,  97,  53,  96,  16,  73,  94,  58,  45,  67,  39,  43,  73,  58,  74,  70,  40,  59, 102,  72,  77,  61,  71,  79,  48,  51,  63,  83,  91,  94,  84,  93,  20,  31,  42,  55,  13,  70,  92,  31,  93,  29,  93,  64,  65,  90,  72,  46,  56,  83,  24,  62,   0,  28,  23,  68,  71,  49,  67,  35,   6,  20,  26,  73,  44,  83,  83,  55,  13,  38,   2,  69,  88,  22,   9,  27,  51,  83,  47,  65,  21,  87,  63,  66,  24,  56,   8,  82,  26,  60,  96,  19, 101,  31,  98,  29,  73,  61,  14,  91,  84,  14,  75,  38,  76,  17,  88,  14,  37,  52  ],
[10,  47,  37,  60,  23,  67,  44,  43,  40,  26,  51,  74,  39,  76,  21,  50,  66,  31,  42,  53,  20,  26,  47,  31,  70,  67,  14,  32,  81,  66,  51,  57,  45,  64,  57,  23,  51,  55,  63,  67,  65,  72,  27,   9,  18,  39,  32,  50,  73,  15,  65,  40,  66,  37,  37,  69,  56,  19,  65,  57,  19,  52,  28,   0,  25,  65,  52,  48,  39,   7,  33,  33,  18,  46,  26,  59,  67,  29,  36,  35,  27,  54,  60,  32,  35,  25,  31,  59,  55,  38,  16,  60,  48,  48,  30,  48,  26,  57,  14,  42,  73,   9,  80,   5,  72,  37,  67,  71,  23,  64,  62,  21,  70,  12,  51,  25,  72,  14,  32,  25  ],
[32,  72,  49,  80,  32,  81,  61,  49,  50,  47,  74,  99,  63, 101,  31,  76,  80,  49,  61,  77,  22,  24,  72,  44,  91,  87,  39,  48, 107,  88,  75,  77,  55,  88,  69,  45,  75,  74,  83,  89,  90,  98,  38,  21,  43,  64,  15,  76,  98,  16,  86,  50,  87,  59,  54,  94,  81,  35,  77,  82,   7,  74,  23,  25,   0,  85,  77,  66,  60,  31,  23,  10,  37,  68,  26,  84,  92,  42,  19,  54,  21,  79,  82,   7,  32,  41,  56,  84,  68,  62,   9,  81,  72,  73,   5,  70,  15,  82,  13,  67,  98,  20, 105,  25,  97,  11,  88,  83,  31,  76,  88,  30,  91,  37,  60,  35,  97,  21,  51,  43  ],
[55,  36,  38,   6,  54,  21,  90,  45,  96,  39,  77,  68,  33,  58,  54,  53, 110,  80,  24,  30,  85,  91,  64,  87,   8,   3,  61,  84,  62,  10,  70,   8,  99,  33,  28,  70,  23,  91,  93,  84,  47,  55,  48,  74,  56,  36,  81,  42,  50,  80,  92,  40,  87,  72,  86,  55,  34,  77,  27,  67,  81,  20,  68,  65,  85,   0,  43,  19,  77,  65,  73,  87,  48,  76,  91,  60,  36,  86,  81,  31,  69,  29,  83,  88,  64,  43,  45,  62,  27,  65,  77,  85,  32,  38,  88,  19,  73,  62,  78,  38,  65,  66,  63,  70,  78,  95,   9,  28,  55, 112,  53,  55,   9,  60, 106,  51,  40,  64,  34,  77  ],
[46,   8,  53,  37,  57,  60,  54,  64,  65,  38,  36,  29,  20,  25,  56,  11,  71,  48,  37,  13,  66,  71,  23,  58,  41,  42,  39,  53,  31,  35,  28,  37,  66,  16,  59,  42,  20,  51,  52,  41,  13,  22,  54,  59,  34,  16,  81,   1,  21,  65,  49,  57,  44,  36,  52,  19,   9,  53,  64,  24,  71,  24,  71,  52,  77,  43,   0,  41,  41,  47,  77,  83,  45,  37,  71,  18,  18,  57,  83,  40,  71,  14,  41,  83,  72,  46,  21,  20,  57,  27,  68,  43,  12,   6,  82,  29,  73,  19,  66,  11,  26,  58,  30,  53,  36,  88,  37,  67,  58,  74,  13,  57,  40,  40,  72,  55,  22,  59,  38,  48  ],
[38,  33,  20,  16,  35,  21,  79,  28,  83,  22,  70,  70,  24,  63,  36,  50, 100,  67,   7,  30,  68,  74,  59,  74,  25,  21,  46,  71,  68,  24,  64,  12,  86,  39,  18,  57,  23,  83,  87,  80,  50,  59,  29,  57,  42,  28,  62,  40,  56,  63,  86,  23,  82,  62,  74,  58,  36,  63,  23,  64,  63,  19,  49,  48,  66,  19,  41,   0,  67,  49,  55,  68,  30,  68,  74,  59,  43,  72,  62,  13,  51,  30,  78,  69,  45,  25,  35,  60,  16,  56,  59,  79,  29,  36,  70,  13,  55,  60,  60,  33,  67,  48,  68,  53,  77,  76,  24,  27,  36, 101,  54,  37,  26,  45,  93,  32,  48,  45,  17,  64  ],
[43,  43,  67,  71,  59,  89,  13,  76,  26,  49,  15,  47,  45,  55,  57,  32,  33,  12,  60,  51,  40,  43,  20,  22,  78,  78,  27,  16,  59,  73,  20,  70,  26,  57,  83,  16,  55,  17,  24,  30,  50,  53,  60,  40,  28,  42,  70,  40,  56,  43,  26,  71,  28,   6,  12,  49,  50,  25,  90,  28,  53,  58,  67,  39,  60,  77,  41,  67,   0,  32,  72,  69,  48,   8,  41,  35,  59,  22,  74,  58,  66,  53,  23,  67,  73,  54,  33,  33,  80,  14,  52,  22,  47,  42,  65,  59,  64,  32,  47,  40,  48,  48,  58,  36,  40,  70,  74,  94,  60,  34,  43,  58,  77,  29,  31,  60,  62,  53,  54,  17  ],
[13,  44,  41,  60,  29,  69,  38,  47,  35,  27,  44,  67,  36,  70,  26,  45,  60,  24,  42,  49,  20,  26,  41,  26,  69,  67,   8,  26,  76,  65,  44,  57,  40,  60,  60,  16,  49,  48,  56,  60,  60,  67,  32,  12,  13,  36,  39,  46,  68,  18,  58,  44,  58,  30,  31,  63,  52,  14,  68,  51,  25,  50,  35,   7,  31,  65,  47,  49,  32,   0,  40,  39,  21,  39,  26,  53,  63,  24,  43,  37,  34,  51,  53,  38,  42,  28,  27,  53,  58,  31,  22,  53,  44,  43,  36,  47,  33,  51,  19,  38,  67,  16,  74,   6,  66,  42,  66,  73,  29,  59,  57,  27,  69,   7,  46,  30,  69,  21,  33,  18  ],
[33,  71,  35,  70,  21,  64,  76,  31,  69,  41,  84, 103,  59, 103,  22,  79,  98,  63,  51,  74,  41,  45,  79,  61,  80,  76,  46,  64, 108,  78,  83,  67,  74,  85,  52,  56,  70,  88,  96,  99,  91,  99,  26,  35,  48,  62,   9,  76,  98,  34,  99,  34,  98,  70,  69,  96,  79,  50,  60,  89,  26,  68,   6,  33,  23,  73,  77,  55,  72,  40,   0,  17,  33,  79,  47,  89,  89,  59,   8,  44,   6,  75,  93,  20,  11,  33,  58,  89,  51,  70,  24,  93,  69,  72,  22,  62,   9,  88,  29,  66, 102,  24, 107,  36, 104,  27,  79,  65,  20,  95,  90,  21,  81,  44,  79,  24,  95,  20,  43,  57  ],
[38,  78,  49,  83,  33,  80,  71,  47,  60,  51,  83, 107,  68, 108,  33,  83,  90,  58,  63,  82,  32,  34,  80,  54,  93,  89,  47,  58, 114,  90,  84,  79,  65,  93,  68,  54,  79,  84,  92,  99,  97, 105,  39,  30,  51,  69,   8,  82, 105,  26,  96,  49,  97,  68,  64, 101,  86,  45,  76,  90,  16,  78,  20,  33,  10,  87,  83,  68,  69,  39,  17,   0,  41,  77,  36,  92,  97,  52,  11,  56,  18,  84,  92,   4,  28,  44,  63,  92,  67,  71,  17,  91,  77,  79,   7,  73,  13,  90,  22,  73, 106,  25, 113,  34, 105,   9,  91,  81,  32,  86,  95,  31,  94,  45,  70,  36, 103,  25,  54,  53  ],
[8,  38,  20,  43,  13,  48,  57,  27,  57,   9,  57,  71,  27,  70,  11,  47,  80,  44,  24,  41,  38,  44,  49,  47,  53,  50,  21,  46,  76,  50,  54,  40,  61,  53,  39,  34,  38,  65,  72,  71,  58,  66,  12,  27,  21,  29,  37,  43,  65,  33,  73,  23,  71,  44,  51,  63,  46,  35,  47,  58,  33,  37,  26,  18,  37,  48,  45,  30,  48,  21,  33,  41,   0,  53,  45,  57,  57,  45,  39,  17,  27,  43,  66,  42,  28,   6,  26,  58,  37,  42,  29,  66,  37,  39,  41,  32,  29,  56,  30,  34,  70,  18,  75,  23,  74,  48,  51,  52,  14,  79,  57,  13,  54,  20,  67,  12,  62,  17,  14,  39  ],
[48,  41,  71,  70,  64,  89,  18,  80,  33,  52,   6,  39,  45,  48,  62,  27,  34,  21,  62,  49,  48,  51,  14,  30,  77,  77,  33,  24,  52,  71,  12,  69,  33,  53,  85,  23,  53,  15,  19,  22,  44,  46,  65,  47,  32,  41,  78,  37,  50,  51,  20,  74,  20,   9,  20,  42,  47,  33,  91,  21,  61,  57,  73,  46,  68,  76,  37,  68,   8,  39,  79,  77,  53,   0,  50,  28,  54,  30,  81,  60,  73,  50,  15,  75,  79,  58,  33,  26,  82,  12,  59,  14,  45,  39,  72,  59,  71,  25,  55,  38,  41,  55,  50,  44,  31,  78,  72,  96,  65,  37,  37,  63,  75,  35,  37,  64,  57,  59,  56,  25  ],
[37,  68,  63,  86,  47,  93,  38,  66,  25,  52,  56,  86,  62,  92,  45,  66,  55,  29,  68,  75,   7,   2,  58,  21,  95,  93,  32,  26,  97,  91,  60,  83,  30,  85,  83,  30,  75,  52,  61,  71,  83,  89,  52,  17,  37,  61,  40,  69,  90,  13,  65,  65,  68,  43,  32,  85,  77,  18,  91,  68,  21,  76,  44,  26,  26,  91,  71,  74,  41,  26,  47,  36,  45,  50,   0,  72,  88,  20,  44,  61,  42,  77,  64,  32,  53,  51,  52,  71,  81,  48,  23,  62,  70,  68,  29,  73,  38,  70,  18,  63,  87,  29,  95,  22,  81,  32,  92,  97,  46,  51,  78,  44,  95,  32,  34,  49,  93,  35,  58,  25  ],
[56,  26,  69,  55,  70,  78,  46,  79,  61,  52,  24,  14,  36,  20,  68,  10,  59,  45,  54,  31,  69,  73,  15,  56,  58,  60,  45,  50,  25,  52,  16,  55,  61,  30,  77,  42,  38,  40,  38,  24,  18,  18,  68,  64,  42,  32,  91,  19,  22,  70,  34,  73,  28,  31,  47,  14,  26,  54,  82,   9,  78,  42,  83,  59,  84,  60,  18,  59,  35,  53,  89,  92,  57,  28,  72,   0,  29,  56,  94,  56,  83,  32,  26,  91,  86,  60,  32,   2,  75,  24,  75,  29,  30,  24,  89,  47,  83,   3,  72,  27,  14,  67,  23,  59,  18,  96,  54,  85,  71,  63,  10,  70,  56,  47,  65,  69,  31,  70,  53,  48  ],
[60,  20,  60,  32,  68,  57,  71,  70,  83,  48,  52,  33,  30,  21,  67,  27,  87,  66,  42,  16,  83,  88,  40,  76,  32,  35,  56,  71,  26,  27,  43,  34,  84,   4,  60,  59,  21,  68,  67,  53,  12,  19,  64,  75,  51,  28,  94,  19,  14,  81,  64,  64,  57,  53,  70,  20,  11,  70,  62,  38,  86,  24,  83,  67,  92,  36,  18,  43,  59,  63,  89,  97,  57,  54,  88,  29,   0,  75,  96,  47,  83,  14,  55,  97,  82,  56,  36,  32,  58,  45,  83,  58,  20,  20,  97,  30,  86,  32,  81,  25,  29,  72,  26,  69,  45, 103,  28,  64,  69,  91,  20,  69,  30,  57,  90,  66,   6,  73,  46,  66  ],
[38,  57,  65,  80,  52,  92,  19,  71,  11,  50,  37,  68,  54,  76,  50,  50,  38,  10,  64,  64,  20,  21,  41,   2,  89,  87,  26,   6,  80,  84,  41,  78,  16,  73,  84,  16,  66,  32,  42,  52,  68,  73,  56,  25,  30,  52,  55,  56,  75,  26,  46,  68,  49,  25,  12,  69,  65,  10,  92,  50,  36,  68,  55,  29,  42,  86,  57,  72,  22,  24,  59,  52,  45,  30,  20,  56,  75,   0,  59,  60,  54,  66,  44,  49,  63,  52,  42,  54,  82,  32,  36,  42,  59,  56,  47,  67,  51,  53,  31,  52,  69,  37,  78,  25,  62,  51,  85,  97,  52,  36,  63,  50,  88,  27,  22,  54,  80,  43,  55,   9  ],
[37,  77,  43,  78,  28,  72,  77,  39,  68,  48,  87, 108,  66, 108,  29,  84,  98,  64,  59,  80,  40,  42,  83,  61,  88,  84,  49,  64, 114,  86,  87,  74,  73,  91,  60,  58,  76,  89,  98, 102,  96, 105,  34,  35,  52,  68,   4,  82, 104,  33, 101,  42, 101,  72,  70, 101,  85,  51,  68,  93,  24,  75,  13,  36,  19,  81,  83,  62,  74,  43,   8,  11,  39,  81,  44,  94,  96,  59,   0,  51,  12,  82,  96,  14,  19,  40,  63,  94,  59,  74,  23,  95,  76,  78,  17,  69,  10,  92,  28,  72, 107,  27, 113,  38, 108,  20,  86,  73,  27,  94,  95,  27,  89,  48,  78,  31, 101,  24,  50,  58  ],
[25,  32,  14,  27,  23,  32,  68,  24,  71,   9,  63,  69,  20,  64,  23,  46,  91,  56,   7,  32,  55,  61,  52,  62,  37,  33,  34,  60,  70,  35,  58,  24,  75,  42,  25,  46,  26,  74,  79,  75,  51,  60,  18,  44,  31,  24,  51,  39,  58,  50,  79,  17,  76,  52,  63,  58,  38,  50,  33,  59,  50,  24,  38,  35,  54,  31,  40,  13,  58,  37,  44,  56,  17,  60,  61,  56,  47,  60,  51,   0,  39,  33,  71,  57,  36,  12,  27,  57,  23,  48,  46,  72,  29,  34,  57,  18,  43,  56,  47,  29,  66,  35,  69,  40,  74,  64,  35,  38,  25,  91,  53,  25,  38,  33,  81,  21,  52,  32,   4,  52  ],
[26,  65,  31,  66,  16,  62,  71,  29,  64,  35,  78,  97,  54,  97,  16,  73,  92,  57,  47,  68,  37,  41,  73,  56,  76,  72,  40,  58, 102,  74,  77,  62,  69,  79,  50,  50,  64,  82,  90,  93,  85,  93,  22,  29,  42,  56,  11,  70,  92,  30,  92,  31,  92,  64,  64,  90,  73,  45,  58,  82,  22,  63,   2,  27,  21,  69,  71,  51,  66,  34,   6,  18,  27,  73,  42,  83,  83,  54,  12,  39,   0,  69,  87,  20,  11,  28,  52,  83,  49,  64,  19,  87,  64,  66,  22,  57,   5,  81,  24,  60,  96,  18, 101,  30,  98,  27,  74,  63,  15,  90,  84,  15,  77,  38,  74,  19,  89,  13,  38,  51  ],
[47,   9,  46,  23,  54,  47,  66,  56,  75,  34,  50,  41,  16,  32,  53,  25,  84,  58,  28,   2,  71,  77,  37,  67,  27,  28,  45,  63,  38,  21,  42,  24,  77,  10,  48,  50,   7,  65,  66,  55,  20,  29,  50,  63,  39,  16,  80,  14,  26,  69,  64,  50,  58,  47,  63,  28,   6,  60,  51,  39,  73,  11,  69,  54,  79,  29,  14,  30,  53,  51,  75,  84,  43,  50,  77,  32,  14,  66,  82,  33,  69,   0,  55,  84,  68,  42,  25,  34,  46,  39,  70,  57,   7,  11,  83,  17,  72,  33,  69,  14,  37,  59,  37,  57,  50,  90,  23,  54,  55,  87,  25,  54,  25,  45,  83,  52,  20,  59,  32,  57  ],
[62,  47,  83,  77,  78,  98,  28,  92,  44,  64,   9,  31,  54,  44,  76,  30,  34,  35,  72,  54,  63,  65,  19,  43,  82,  83,  47,  38,  46,  76,  14,  77,  43,  56,  95,  38,  60,  16,  12,   8,  44,  42,  78,  62,  46,  50,  92,  41,  47,  66,   8,  87,   5,  24,  33,  39,  50,  47, 101,  17,  76,  64,  88,  60,  82,  83,  41,  78,  23,  53,  93,  92,  66,  15,  64,  26,  55,  44,  96,  71,  87,  55,   0,  90,  93,  71,  44,  24,  93,  24,  74,   3,  51,  45,  87,  67,  86,  23,  70,  46,  34,  69,  44,  59,  20,  93,  78, 105,  79,  39,  36,  77,  81,  49,  45,  78,  57,  74,  67,  40  ],
[37,  78,  51,  84,  34,  82,  68,  50,  57,  51,  81, 105,  68, 107,  34,  82,  87,  56,  64,  82,  29,  30,  79,  51,  94,  90,  46,  55, 113,  91,  82,  81,  62,  93,  70,  52,  80,  81,  90,  97,  96, 104,  40,  28,  50,  69,  11,  82, 104,  24,  93,  51,  95,  66,  61, 100,  86,  43,  78,  89,  14,  79,  22,  32,   7,  88,  83,  69,  67,  38,  20,   4,  42,  75,  32,  91,  97,  49,  14,  57,  20,  84,  90,   0,  31,  45,  62,  91,  69,  69,  16,  89,  77,  78,   3,  74,  15,  89,  20,  73, 105,  25, 112,  32, 104,   7,  92,  84,  33,  83,  94,  33,  95,  44,  66,  37, 103,  25,  55,  50  ],
[31,  66,  25,  61,  16,  53,  79,  20,  74,  35,  84, 100,  54,  98,  17,  76, 101,  66,  43,  67,  47,  52,  77,  66,  71,  66,  46,  67, 103,  69,  82,  57,  79,  78,  41,  57,  62,  90,  97,  99,  85,  94,  19,  39,  47,  56,  20,  71,  93,  40,  99,  23,  98,  70,  72,  91,  72,  54,  49,  86,  33,  60,   9,  35,  32,  64,  72,  45,  73,  42,  11,  28,  28,  79,  53,  86,  82,  63,  19,  36,  11,  68,  93,  31,   0,  27,  54,  86,  41,  69,  30,  93,  63,  67,  33,  54,  17,  85,  35,  61,  98,  27, 102,  39, 102,  37,  70,  54,  15,  99,  85,  16,  72,  44,  85,  17,  88,  21,  36,  60  ],
[14,  39,  14,  39,  12,  42,  63,  22,  63,   8,  62,  73,  27,  71,  12,  49,  86,  50,  19,  40,  44,  50,  53,  54,  49,  46,  27,  53,  77,  46,  58,  36,  67,  52,  32,  40,  36,  71,  77,  75,  58,  67,   9,  33,  26,  30,  39,  44,  66,  38,  77,  17,  75,  49,  57,  64,  46,  42,  41,  61,  38,  35,  27,  25,  41,  43,  46,  25,  54,  28,  33,  44,   6,  58,  51,  60,  56,  52,  40,  12,  28,  42,  71,  45,  27,   0,  28,  60,  31,  47,  34,  71,  36,  40,  45,  29,  31,  59,  35,  34,  72,  23,  76,  30,  77,  52,  47,  46,  13,  85,  59,  13,  50,  26,  74,  10,  62,  20,  10,  45  ],
[26,  17,  39,  39,  38,  56,  44,  49,  52,  21,  36,  46,  13,  45,  37,  22,  66,  35,  28,  23,  47,  52,  25,  43,  47,  46,  20,  39,  51,  42,  31,  37,  54,  33,  51,  26,  25,  48,  52,  48,  34,  42,  37,  38,  15,  10,  60,  19,  42,  45,  52,  43,  49,  27,  41,  38,  25,  35,  58,  33,  50,  27,  51,  31,  56,  45,  21,  35,  33,  27,  58,  63,  26,  33,  52,  32,  36,  42,  63,  27,  52,  25,  44,  62,  54,  28,   0,  32,  49,  21,  47,  45,  18,  17,  61,  27,  53,  31,  45,  11,  44,  37,  50,  33,  48,  68,  43,  62,  40,  67,  32,  38,  46,  20,  60,  37,  42,  39,  24,  33  ],
[56,  27,  70,  56,  70,  80,  44,  80,  59,  53,  22,  15,  37,  22,  69,  11,  57,  44,  55,  33,  68,  72,  13,  54,  60,  62,  45,  48,  26,  54,  14,  57,  59,  33,  78,  41,  39,  38,  35,  22,  20,  20,  69,  64,  41,  33,  91,  20,  24,  69,  32,  74,  26,  30,  46,  16,  28,  53,  83,   6,  77,  43,  83,  59,  84,  62,  20,  60,  33,  53,  89,  92,  58,  26,  71,   2,  32,  54,  94,  57,  83,  34,  24,  91,  86,  60,  32,   0,  76,  23,  75,  26,  32,  25,  89,  48,  83,   1,  72,  28,  15,  67,  24,  59,  17,  95,  56,  87,  71,  61,  12,  70,  58,  47,  63,  69,  33,  70,  54,  47  ],
[45,  49,  19,  28,  36,  13,  91,  21,  93,  32,  85,  86,  40,  78,  37,  66, 113,  79,  21,  46,  74,  80,  74,  84,  35,  30,  57,  82,  84,  36,  79,  25,  97,  54,   2,  69,  39,  97, 101,  96,  66,  75,  30,  64,  54,  44,  60,  56,  72,  68, 101,  18,  97,  75,  86,  74,  52,  72,  10,  80,  66,  35,  47,  55,  68,  27,  57,  16,  80,  58,  51,  67,  37,  82,  81,  75,  58,  82,  59,  23,  49,  46,  93,  69,  41,  31,  49,  76,   0,  70,  62,  94,  45,  51,  70,  29,  54,  76,  65,  48,  83,  52,  83,  60,  93,  76,  36,  16,  37, 113,  70,  38,  36,  55, 103,  33,  63,  48,  27,  74  ],
[38,  30,  59,  58,  54,  77,  26,  68,  38,  41,  15,  38,  33,  44,  52,  19,  46,  22,  49,  38,  45,  49,  10,  32,  65,  65,  24,  26,  49,  60,  13,  57,  39,  44,  72,  18,  42,  27,  31,  29,  37,  41,  54,  42,  22,  29,  70,  27,  44,  47,  31,  63,  29,   8,  25,  37,  36,  30,  79,  20,  55,  45,  65,  38,  62,  65,  27,  56,  14,  31,  70,  71,  42,  12,  48,  24,  45,  32,  74,  48,  64,  39,  24,  69,  69,  47,  21,  23,  70,   0,  53,  25,  34,  28,  67,  47,  64,  22,  50,  27,  38,  47,  47,  37,  34,  73,  61,  83,  55,  48,  31,  53,  64,  26,  45,  54,  49,  51,  44,  24  ],
[23,  63,  43,  73,  26,  75,  54,  45,  45,  39,  66,  90,  54,  92,  25,  66,  75,  41,  53,  68,  17,  21,  63,  38,  83,  79,  30,  41,  98,  79,  66,  69,  50,  79,  64,  36,  66,  67,  75,  81,  81,  89,  32,  12,  34,  55,  19,  66,  89,  10,  78,  45,  79,  51,  47,  85,  72,  28,  72,  73,   4,  66,  21,  16,   9,  77,  68,  59,  52,  22,  24,  17,  29,  59,  23,  75,  83,  36,  23,  46,  19,  70,  74,  16,  30,  34,  47,  75,  62,  53,   0,  73,  63,  64,  14,  61,  15,  73,   5,  58,  89,  11,  96,  16,  88,  21,  80,  77,  26,  71,  79,  24,  83,  28,  56,  29,  88,  14,  43,  36  ],
[62,  49,  83,  79,  78, 100,  26,  93,  42,  65,   9,  34,  55,  47,  76,  33,  31,  33,  73,  56,  61,  64,  21,  41,  84,  85,  47,  36,  49,  78,  16,  79,  40,  58,  96,  37,  62,  14,   9,  10,  47,  45,  79,  61,  46,  51,  92,  43,  50,  65,   7,  87,   6,  23,  30,  42,  52,  46, 102,  20,  75,  65,  87,  60,  81,  85,  43,  79,  22,  53,  93,  91,  66,  14,  62,  29,  58,  42,  95,  72,  87,  57,   3,  89,  93,  71,  45,  26,  94,  25,  73,   0,  53,  47,  86,  69,  86,  26,  69,  47,  37,  69,  47,  58,  23,  91,  80, 107,  79,  36,  38,  77,  83,  49,  43,  78,  60,  73,  68,  38  ],
[40,   4,  42,  26,  48,  48,  60,  52,  69,  28,  45,  41,  10,  35,  47,  21,  79,  51,  25,   5,  64,  70,  33,  61,  32,  32,  37,  56,  41,  26,  38,  26,  71,  16,  47,  43,   8,  60,  62,  52,  22,  32,  45,  56,  32,   9,  74,  11,  30,  62,  60,  46,  55,  41,  57,  30,   9,  53,  52,  36,  67,  12,  63,  48,  72,  32,  12,  29,  47,  44,  69,  77,  37,  45,  70,  30,  20,  59,  76,  29,  64,   7,  51,  77,  63,  36,  18,  32,  45,  34,  63,  53,   0,   7,  77,  16,  66,  31,  62,   7,  38,  52,  40,  50,  49,  83,  27,  55,  50,  81,  25,  49,  31,  38,  77,  46,  26,  53,  27,  50  ],
[41,   2,  47,  32,  51,  55,  54,  57,  65,  32,  39,  35,  14,  31,  50,  15,  73,  47,  31,   9,  63,  68,  26,  57,  38,  38,  36,  52,  37,  32,  31,  32,  66,  17,  54,  40,  15,  54,  55,  46,  19,  27,  48,  55,  31,  10,  76,   5,  26,  61,  53,  51,  48,  36,  52,  25,   9,  50,  58,  29,  67,  19,  66,  48,  73,  38,   6,  36,  42,  43,  72,  79,  39,  39,  68,  24,  20,  56,  78,  34,  66,  11,  45,  78,  67,  40,  17,  25,  51,  28,  64,  47,   7,   0,  77,  23,  68,  24,  62,   6,  33,  53,  36,  50,  42,  84,  33,  62,  53,  76,  19,  52,  36,  37,  72,  50,  25,  54,  32,  47  ],
[37,  77,  52,  84,  35,  83,  65,  51,  54,  51,  79, 104,  67, 106,  34,  81,  84,  53,  65,  81,  26,  27,  77,  48,  94,  91,  44,  52, 112,  91,  80,  81,  59,  93,  71,  50,  79,  78,  87,  94,  95, 103,  41,  26,  48,  68,  13,  80, 103,  21,  91,  52,  92,  64,  58,  99,  85,  40,  80,  87,  12,  79,  24,  30,   5,  88,  82,  70,  65,  36,  22,   7,  41,  72,  29,  89,  97,  47,  17,  57,  22,  83,  87,   3,  33,  45,  61,  89,  70,  67,  14,  86,  77,  77,   0,  74,  16,  87,  17,  72, 103,  24, 110,  30, 102,   7,  92,  85,  34,  80,  93,  33,  95,  42,  63,  38, 102,  25,  55,  48  ],
[38,  21,  30,  13,  41,  32,  71,  39,  77,  23,  60,  57,  14,  50,  41,  38,  92,  61,  11,  17,  67,  73,  48,  69,  22,  20,  42,  65,  55,  18,  53,  11,  80,  26,  31,  51,  10,  74,  76,  68,  37,  46,  36,  57,  38,  18,  68,  28,  43,  63,  75,  33,  71,  53,  67,  45,  23,  59,  35,  52,  65,   7,  56,  48,  70,  19,  29,  13,  59,  47,  62,  73,  32,  59,  73,  47,  30,  67,  69,  18,  57,  17,  67,  74,  54,  29,  27,  48,  29,  47,  61,  69,  16,  23,  74,   0,  60,  47,  62,  21,  54,  50,  55,  52,  65,  80,  19,  39,  42,  93,  41,  42,  22,  42,  87,  38,  36,  49,  19,  58  ],
[27,  67,  36,  70,  20,  67,  68,  35,  60,  38,  77,  98,  56,  98,  20,  74,  89,  55,  50,  70,  33,  36,  73,  53,  80,  76,  39,  55, 104,  78,  77,  66,  66,  82,  55,  49,  67,  80,  88,  92,  86,  94,  26,  26,  42,  58,   8,  72,  94,  26,  91,  36,  91,  62,  61,  91,  75,  42,  63,  82,  17,  66,   8,  26,  15,  73,  73,  55,  64,  33,   9,  13,  29,  71,  38,  83,  86,  51,  10,  43,   5,  72,  86,  15,  17,  31,  53,  83,  54,  64,  15,  86,  66,  68,  16,  60,   0,  82,  20,  62,  97,  17, 103,  28,  98,  22,  78,  69,  19,  86,  85,  18,  81,  37,  71,  23,  92,  14,  42,  49  ],
[55,  27,  69,  56,  69,  79,  43,  79,  58,  51,  21,  16,  36,  23,  67,  10,  56,  43,  55,  32,  67,  71,  12,  53,  60,  61,  44,  47,  28,  54,  13,  56,  58,  33,  78,  40,  39,  37,  35,  22,  21,  21,  67,  62,  40,  32,  89,  20,  25,  68,  32,  73,  25,  28,  44,  17,  28,  52,  83,   6,  76,  43,  82,  57,  82,  62,  19,  60,  32,  51,  88,  90,  56,  25,  70,   3,  32,  53,  92,  56,  81,  33,  23,  89,  85,  59,  31,   1,  76,  22,  73,  26,  31,  24,  87,  47,  82,   0,  70,  27,  17,  66,  26,  57,  18,  94,  56,  86,  70,  60,  13,  69,  58,  45,  62,  68,  34,  68,  53,  45  ],
[23,  62,  46,  73,  29,  77,  49,  49,  40,  39,  61,  86,  53,  89,  27,  64,  69,  37,  54,  67,  13,  17,  59,  33,  83,  80,  27,  36,  95,  80,  62,  70,  45,  78,  66,  32,  66,  62,  71,  77,  79,  86,  35,   8,  31,  53,  24,  64,  87,   5,  74,  47,  75,  47,  42,  82,  70,  23,  75,  69,   6,  66,  26,  14,  13,  78,  66,  60,  47,  19,  29,  22,  30,  55,  18,  72,  81,  31,  28,  47,  24,  69,  70,  20,  35,  35,  45,  72,  65,  50,   5,  69,  62,  62,  17,  62,  20,  70,   0,  56,  86,  12,  94,  13,  84,  23,  81,  80,  29,  66,  76,  27,  83,  26,  51,  32,  87,  17,  44,  31  ],
[35,   5,  43,  32,  46,  53,  52,  53,  61,  26,  39,  40,   9,  36,  45,  17,  72,  44,  27,  12,  58,  64,  27,  53,  39,  38,  31,  49,  42,  33,  32,  31,  64,  22,  50,  36,  15,  53,  55,  48,  24,  33,  43,  50,  26,   5,  70,  10,  32,  56,  54,  47,  50,  34,  50,  30,  14,  46,  56,  31,  61,  18,  60,  42,  67,  38,  11,  33,  40,  38,  66,  73,  34,  38,  63,  27,  25,  52,  72,  29,  60,  14,  46,  73,  61,  34,  11,  28,  48,  27,  58,  47,   7,   6,  72,  21,  62,  27,  56,   0,  37,  48,  41,  44,  45,  78,  34,  60,  47,  74,  24,  46,  38,  32,  70,  44,  30,  49,  27,  43  ],
[70,  34,  80,  59,  82,  84,  58,  90,  74,  64,  36,   4,  46,  10,  81,  23,  68,  59,  63,  37,  83,  88,  29,  69,  61,  63,  59,  64,  12,  55,  28,  61,  73,  32,  85,  57,  44,  50,  46,  29,  18,  11,  80,  78,  55,  42, 104,  28,  16,  84,  41,  84,  34,  45,  60,   9,  31,  68,  89,  20,  92,  48,  96,  73,  98,  65,  26,  67,  48,  67, 102, 106,  70,  41,  87,  14,  29,  69, 107,  66,  96,  37,  34, 105,  98,  72,  44,  15,  83,  38,  89,  37,  38,  33, 103,  54,  97,  17,  86,  37,   0,  81,  10,  74,  17, 110,  57,  91,  84,  73,  13,  82,  59,  61,  77,  81,  28,  83,  64,  62  ],
[13,  53,  34,  61,  17,  65,  53,  37,  47,  27,  60,  82,  43,  83,  15,  58,  75,  39,  42,  57,  23,  28,  56,  39,  72,  68,  22,  40,  88,  68,  60,  58,  52,  69,  54,  32,  55,  64,  72,  76,  72,  79,  22,  13,  26,  44,  24,  57,  79,  16,  74,  35,  75,  46,  46,  76,  61,  27,  62,  66,  15,  55,  19,   9,  20,  66,  58,  48,  48,  16,  24,  25,  18,  55,  29,  67,  72,  37,  27,  35,  18,  59,  69,  25,  27,  23,  37,  67,  52,  47,  11,  69,  52,  53,  24,  50,  17,  66,  12,  48,  81,   0,  87,  12,  81,  31,  69,  68,  17,  72,  69,  15,  72,  21,  58,  20,  78,   6,  32,  33  ],
[75,  37,  83,  58,  87,  83,  68,  93,  83,  68,  45,  13,  49,   5,  86,  30,  78,  68,  65,  38,  92,  96,  38,  79,  57,  61,  67,  73,   2,  53,  38,  60,  83,  30,  85,  65,  45,  60,  55,  39,  18,   9,  84,  86,  62,  46, 110,  31,  12,  92,  51,  86,  44,  54,  70,  11,  32,  77,  88,  30,  99,  48, 101,  80, 105,  63,  30,  68,  58,  74, 107, 113,  75,  50,  95,  23,  26,  78, 113,  69, 101,  37,  44, 112, 102,  76,  50,  24,  83,  47,  96,  47,  40,  36, 110,  55, 103,  26,  94,  41,  10,  87,   0,  81,  27, 117,  54,  90,  88,  83,  18,  87,  56,  68,  87,  85,  23,  89,  67,  71  ],
[15,  50,  42,  64,  28,  72,  40,  47,  36,  31,  50,  74,  42,  77,  26,  51,  62,  27,  46,  55,  15,  21,  47,  27,  74,  71,  14,  28,  82,  70,  50,  61,  40,  66,  62,  21,  55,  52,  60,  65,  67,  73,  32,   5,  19,  42,  34,  52,  74,  12,  63,  45,  64,  35,  34,  70,  58,  15,  70,  57,  18,  55,  31,   5,  25,  70,  53,  53,  36,   6,  36,  34,  23,  44,  22,  59,  69,  25,  38,  40,  30,  57,  59,  32,  39,  30,  33,  59,  60,  37,  16,  58,  50,  50,  30,  52,  28,  57,  13,  44,  74,  12,  81,   0,  72,  36,  71,  76,  28,  60,  63,  26,  74,  13,  46,  30,  75,  18,  36,  21  ],
[71,  44,  87,  73,  86,  96,  47,  97,  64,  69,  25,  13,  54,  28,  84,  28,  53,  52,  73,  49,  79,  82,  25,  61,  75,  77,  59,  55,  28,  70,  22,  73,  62,  47,  96,  52,  56,  36,  30,  13,  33,  28,  85,  76,  56,  50, 105,  37,  33,  81,  25,  91,  18,  38,  51,  25,  44,  63, 100,  16,  90,  60,  98,  72,  97,  78,  36,  77,  40,  66, 104, 105,  74,  31,  81,  18,  45,  62, 108,  74,  98,  50,  20, 104, 102,  77,  48,  17,  93,  34,  88,  23,  49,  42, 102,  65,  98,  18,  84,  45,  17,  81,  27,  72,   0, 107,  71, 103,  87,  58,  26,  86,  74,  60,  65,  86,  45,  85,  71,  56  ],
[43,  84,  58,  91,  41,  89,  69,  57,  57,  58,  84, 110,  74, 113,  41,  87,  87,  58,  71,  88,  30,  30,  83,  52, 101,  97,  50,  57, 118,  98,  86,  87,  62,  99,  77,  55,  86,  83,  92, 100, 102, 109,  47,  31,  54,  75,  17,  87, 110,  26,  96,  58,  98,  69,  63, 105,  92,  45,  85,  93,  18,  85,  29,  37,  11,  95,  88,  76,  70,  42,  27,   9,  48,  78,  32,  96, 103,  51,  20,  64,  27,  90,  93,   7,  37,  52,  68,  95,  76,  73,  21,  91,  83,  84,   7,  80,  22,  94,  23,  78, 110,  31, 117,  36, 107,   0,  99,  91,  40,  83,  99,  39, 101,  49,  66,  44, 109,  32,  62,  53  ],
[57,  31,  45,   9,  58,  31,  87,  52,  95,  42,  72,  61,  31,  49,  59,  47, 107,  78,  28,  24,  86,  92,  60,  86,   4,   7,  61,  83,  54,   1,  64,  12,  97,  25,  37,  69,  19,  87,  88,  78,  39,  47,  53,  76,  56,  33,  86,  37,  42,  82,  86,  47,  81,  68,  84,  47,  28,  77,  36,  61,  84,  17,  73,  67,  88,   9,  37,  24,  74,  66,  79,  91,  51,  72,  92,  54,  28,  85,  86,  35,  74,  23,  78,  92,  70,  47,  43,  56,  36,  61,  80,  80,  27,  33,  92,  19,  78,  56,  81,  34,  57,  69,  54,  71,  71,  99,   0,  37,  60, 109,  46,  60,   3,  60, 104,  56,  31,  67,  37,  76  ],
[61,  59,  34,  32,  51,   7, 105,  34, 108,  47,  98,  95,  51,  85,  53,  76, 128,  93,  34,  55,  90,  96,  86,  99,  35,  30,  72,  97,  90,  38,  91,  30, 112,  60,  14,  83,  48, 110, 114, 107,  74,  82,  46,  79,  69,  55,  74,  66,  78,  84, 113,  33, 109,  89, 100,  82,  60,  87,   5,  91,  81,  43,  61,  71,  83,  28,  67,  27,  94,  73,  65,  81,  52,  96,  97,  85,  64,  97,  73,  38,  63,  54, 105,  84,  54,  46,  62,  87,  16,  83,  77, 107,  55,  62,  85,  39,  69,  86,  80,  60,  91,  68,  90,  76, 103,  91,  37,   0,  52, 128,  79,  53,  37,  70, 119,  48,  68,  63,  42,  89  ],
[17,  52,  18,  51,   1,  49,  67,  20,  64,  21,  70,  85,  40,  84,   3,  61,  89,  53,  32,  54,  40,  45,  63,  55,  61,  57,  32,  55,  89,  59,  67,  48,  68,  65,  38,  44,  50,  76,  84,  84,  71,  80,   7,  30,  33,  42,  26,  57,  79,  33,  85,  19,  84,  56,  60,  77,  59,  43,  47,  72,  29,  48,  14,  23,  31,  55,  58,  36,  60,  29,  20,  32,  14,  65,  46,  71,  69,  52,  27,  25,  15,  55,  79,  33,  15,  13,  40,  71,  37,  55,  26,  79,  50,  53,  34,  42,  19,  70,  29,  47,  84,  17,  88,  28,  87,  40,  60,  52,   0,  88,  71,   2,  62,  30,  74,   4,  75,  12,  24,  48  ],
[72,  77,  98, 105,  87, 122,  23, 106,  26,  82,  39,  70,  79,  82,  85,  64,   6,  35,  94,  85,  54,  53,  51,  34, 113, 112,  57,  33,  85, 107,  48, 104,  21,  90, 116,  45,  89,  23,  28,  45,  81,  81,  90,  60,  60,  76,  90,  73,  85,  61,  34, 102,  40,  40,  28,  77,  83,  45, 123,  55,  71,  92,  91,  64,  76, 112,  74, 101,  34,  59,  95,  86,  79,  37,  51,  63,  91,  36,  94,  91,  90,  87,  39,  83,  99,  85,  67,  61, 113,  48,  71,  36,  81,  76,  80,  93,  86,  60,  66,  74,  73,  72,  83,  60,  58,  83, 109, 128,  88,   0,  73,  85, 112,  59,  17,  89,  93,  78,  86,  40  ],
[58,  21,  67,  47,  70,  72,  55,  77,  69,  51,  34,  16,  33,  14,  68,  13,  69,  53,  50,  24,  74,  79,  23,  63,  50,  52,  49,  57,  19,  44,  25,  49,  69,  21,  72,  48,  31,  49,  47,  33,   8,  10,  67,  68,  45,  29,  93,  15,  13,  74,  44,  71,  37,  39,  55,   6,  19,  60,  76,  18,  81,  36,  84,  62,  88,  53,  13,  54,  43,  57,  90,  95,  57,  37,  78,  10,  20,  63,  95,  53,  84,  25,  36,  94,  85,  59,  32,  12,  70,  31,  79,  38,  25,  19,  93,  41,  85,  13,  76,  24,  13,  69,  18,  63,  26,  99,  46,  79,  71,  73,   0,  70,  48,  50,  74,  68,  21,  71,  51,  54  ],
[15,  51,  19,  52,   2,  51,  65,  22,  61,  21,  68,  84,  39,  82,   1,  60,  87,  51,  32,  53,  38,  43,  61,  52,  62,  58,  30,  53,  88,  59,  66,  48,  66,  64,  40,  42,  49,  74,  81,  82,  70,  79,   8,  28,  31,  41,  26,  56,  78,  31,  83,  21,  82,  54,  58,  76,  58,  40,  48,  70,  28,  48,  14,  21,  30,  55,  57,  37,  58,  27,  21,  31,  13,  63,  44,  70,  69,  50,  27,  25,  15,  54,  77,  33,  16,  13,  38,  70,  38,  53,  24,  77,  49,  52,  33,  42,  18,  69,  27,  46,  82,  15,  87,  26,  86,  39,  60,  53,   2,  85,  70,   0,  62,  28,  72,   5,  74,  10,  23,  45  ],
[60,  34,  47,  11,  61,  30,  90,  54,  98,  44,  75,  63,  34,  51,  61,  50, 110,  81,  30,  27,  89,  95,  62,  90,   2,   7,  64,  86,  55,   4,  67,  14, 101,  27,  37,  72,  22,  90,  91,  80,  41,  49,  55,  79,  59,  36,  88,  40,  44,  85,  89,  49,  84,  72,  87,  49,  30,  80,  36,  64,  87,  20,  75,  70,  91,   9,  40,  26,  77,  69,  81,  94,  54,  75,  95,  56,  30,  88,  89,  38,  77,  25,  81,  95,  72,  50,  46,  58,  36,  64,  83,  83,  31,  36,  95,  22,  81,  58,  83,  38,  59,  72,  56,  74,  74, 101,   3,  37,  62, 112,  48,  62,   0,  64, 107,  58,  33,  70,  40,  79  ],
[13,  37,  39,  54,  30,  65,  37,  47,  38,  24,  40,  61,  30,  64,  27,  38,  60,  24,  38,  43,  26,  32,  35,  29,  64,  62,   2,  27,  69,  59,  39,  52,  42,  53,  57,  14,  43,  46,  53,  55,  54,  60,  31,  18,   6,  29,  44,  39,  61,  25,  55,  43,  54,  26,  31,  57,  46,  17,  65,  45,  31,  44,  38,  12,  37,  60,  40,  45,  29,   7,  44,  45,  20,  35,  32,  47,  57,  27,  48,  33,  38,  45,  49,  44,  44,  26,  20,  47,  55,  26,  28,  49,  38,  37,  42,  42,  37,  45,  26,  32,  61,  21,  68,  13,  60,  49,  60,  70,  30,  59,  50,  28,  64,   0,  48,  30,  62,  25,  29,  19  ],
[60,  74,  87,  99,  74, 113,  19,  93,  11,  72,  42,  75,  73,  85,  72,  63,  22,  26,  85,  81,  38,  36,  51,  20, 108, 106,  47,  22,  89, 102,  49,  98,   6,  88, 105,  36,  85,  29,  37,  53,  81,  83,  78,  46,  50,  70,  74,  71,  87,  45,  43,  90,  48,  36,  20,  79,  81,  32, 113,  58,  55,  87,  76,  51,  60, 106,  72,  93,  31,  46,  79,  70,  67,  37,  34,  65,  90,  22,  78,  81,  74,  83,  45,  66,  85,  74,  60,  63, 103,  45,  56,  43,  77,  72,  63,  87,  71,  62,  51,  70,  77,  58,  87,  46,  65,  66, 104, 119,  74,  17,  74,  72, 107,  48,   0,  76,  93,  64,  77,  29  ],
[17,  49,  14,  47,   3,  46,  67,  18,  65,  18,  69,  83,  37,  81,   4,  59,  90,  54,  28,  50,  42,  48,  61,  56,  57,  53,  32,  56,  86,  55,  66,  44,  70,  62,  34,  45,  46,  76,  83,  83,  68,  77,   3,  32,  32,  39,  30,  54,  76,  36,  84,  16,  83,  56,  61,  74,  56,  44,  43,  70,  33,  44,  17,  25,  35,  51,  55,  32,  60,  30,  24,  36,  12,  64,  49,  69,  66,  54,  31,  21,  19,  52,  78,  37,  17,  10,  37,  69,  33,  54,  29,  78,  46,  50,  38,  38,  23,  68,  32,  44,  81,  20,  85,  30,  86,  44,  56,  48,   4,  89,  68,   5,  58,  30,  76,   0,  72,  15,  20,  48  ],
[65,  25,  66,  36,  74,  61,  75,  75,  87,  54,  54,  32,  35,  19,  73,  30,  90,  70,  47,  21,  88,  93,  43,  80,  35,  38,  61,  75,  23,  30,  46,  39,  88,  10,  65,  64,  26,  70,  68,  54,  13,  17,  70,  80,  56,  34,  99,  24,  12,  86,  65,  69,  58,  57,  74,  19,  17,  75,  66,  39,  92,  29,  88,  72,  97,  40,  22,  48,  62,  69,  95, 103,  62,  57,  93,  31,   6,  80, 101,  52,  89,  20,  57, 103,  88,  62,  42,  33,  63,  49,  88,  60,  26,  25, 102,  36,  92,  34,  87,  30,  28,  78,  23,  75,  45, 109,  31,  68,  75,  93,  21,  74,  33,  62,  93,  72,   0,  78,  52,  71  ],
[14,  54,  29,  59,  12,  60,  58,  32,  53,  26,  65,  84,  43,  85,  10,  60,  80,  45,  40,  57,  28,  34,  59,  45,  69,  66,  26,  46,  90,  66,  64,  56,  58,  69,  49,  37,  55,  69,  77,  80,  73,  81,  18,  19,  29,  45,  21,  58,  81,  21,  79,  30,  79,  50,  51,  78,  62,  33,  58,  69,  18,  54,  14,  14,  21,  64,  59,  45,  53,  21,  20,  25,  17,  59,  35,  70,  73,  43,  24,  32,  13,  59,  74,  25,  21,  20,  39,  70,  48,  51,  14,  73,  53,  54,  25,  49,  14,  68,  17,  49,  83,   6,  89,  18,  85,  32,  67,  63,  12,  78,  71,  10,  70,  25,  64,  15,  78,   0,  30,  39  ],
[21,  30,  16,  29,  22,  37,  64,  26,  67,   5,  59,  66,  18,  62,  22,  43,  86,  52,  10,  31,  51,  57,  49,  57,  39,  36,  30,  55,  68,  36,  54,  26,  70,  42,  29,  42,  26,  70,  75,  71,  50,  59,  18,  41,  27,  22,  49,  36,  57,  46,  75,  20,  72,  48,  59,  56,  36,  46,  37,  56,  47,  24,  37,  32,  51,  34,  38,  17,  54,  33,  43,  54,  14,  56,  58,  53,  46,  55,  50,   4,  38,  32,  67,  55,  36,  10,  24,  54,  27,  44,  43,  68,  27,  32,  55,  19,  42,  53,  44,  27,  64,  32,  67,  36,  71,  62,  37,  42,  24,  86,  51,  23,  40,  29,  77,  20,  52,  30,   0,  48  ],
[31,  48,  58,  71,  47,  84,  19,  66,  19,  43,  32,  61,  45,  68,  45,  42,  42,   6,  56,  55,  23,  26,  33,  10,  80,  78,  18,   8,  72,  75,  35,  69,  23,  64,  76,   7,  57,  31,  40,  47,  60,  65,  50,  23,  21,  43,  54,  47,  67,  27,  43,  62,  45,  18,  13,  61,  56,   8,  84,  43,  36,  59,  52,  25,  43,  77,  48,  64,  17,  18,  57,  53,  39,  25,  25,  48,  66,   9,  58,  52,  51,  57,  40,  50,  60,  45,  33,  47,  74,  24,  36,  38,  50,  47,  48,  58,  49,  45,  31,  43,  62,  33,  71,  21,  56,  53,  76,  89,  48,  40,  54,  45,  79,  19,  29,  48,  71,  39,  48,   0   ]
];