
//numero de Pontos
 n = 80

//Coordenadas dos Pontos 
19, 53
25, 49
13, 61
80, 93
71, 55
38, 86
66, 29
17, 49
57, 1
39, 83
24, 72
63, 3
91, 84
25, 24
50, 40
70, 21
11, 96
74, 30
28, 37
71, 31
55, 27
82, 99
20, 94
82, 18
41, 11
58, 94
68, 69
88, 65
95, 47
62, 62
93, 100
15, 40
64, 80
60, 98
27, 62
26, 32
76, 27
16, 12
3, 33
31, 30
45, 74
26, 27
75, 78
33, 89
71, 45
38, 66
70, 45
66, 4
57, 96
65, 46
99, 58
10, 5
15, 92
4, 76
94, 54
45, 10
44, 84
97, 19
46, 76
74, 94
17, 80
29, 36
71, 19
100, 75
8, 83
91, 15
13, 56
72, 21
55, 78
32, 98
39, 25
24, 55
48, 70
54, 77
16, 95
23, 65
99, 83
23, 77
89, 55
40, 7

d = [
   [0,   7,  10,  73,  52,  38,  53,   4,  64,  36,  20,  67,  78,  30,  34,  60,  44,  60,  18,  56,  44,  78,  41,  72,  47,  57,  52,  70,  76,  44,  88,  14,  52,  61,  12,  22,  63,  41,  26,  26,  33,  27,  61,  39,  53,  23,  52,  68,  57,  47,  80,  49,  39,  27,  75,  50,  40,  85,  35,  69,  27,  20,  62,  84,  32,  81,   7,  62,  44,  47,  34,   5,  34,  42,  42,  13,  85,  24,  70,  51  ],
[7,   0,  17,  70,  46,  39,  46,   8,  58,  37,  23,  60,  75,  25,  27,  53,  49,  53,  12,  49,  37,  76,  45,  65,  41,  56,  47,  65,  70,  39,  85,  13,  50,  60,  13,  17,  56,  38,  27,  20,  32,  22,  58,  41,  46,  21,  45,  61,  57,  40,  75,  46,  44,  34,  69,  44,  40,  78,  34,  67,  32,  14,  55,  79,  38,  74,  14,  55,  42,  49,  28,   6,  31,  40,  47,  16,  81,  28,  64,  45  ],
[10,  17,   0,  74,  58,  35,  62,  13,  74,  34,  16,  77,  81,  39,  43,  70,  35,  68,  28,  65,  54,  79,  34,  81,  57,  56,  56,  75,  83,  49,  89,  21,  54,  60,  14,  32,  72,  49,  30,  36,  35,  36,  64,  34,  60,  25,  59,  78,  56,  54,  86,  56,  31,  17,  81,  60,  39,  94,  36,  69,  19,  30,  72,  88,  23,  91,   5,  71,  45,  42,  44,  13,  36,  44,  34,  11,  89,  19,  76,  60  ],
[73,  70,  74,   0,  39,  43,  66,  77,  95,  42,  60,  92,  14,  88,  61,  73,  69,  63,  76,  63,  71,   6,  60,  75,  91,  22,  27,  29,  48,  36,  15,  84,  21,  21,  61,  81,  66, 103,  98,  80,  40,  85,  16,  47,  49,  50,  49,  90,  23,  49,  40, 112,  65,  78,  41,  90,  37,  76,  38,   6,  64,  76,  75,  27,  73,  79,  77,  72,  29,  48,  79,  68,  39,  31,  64,  64,  21,  59,  39,  95  ],
[52,  46,  58,  39,   0,  45,  26,  54,  56,  43,  50,  53,  35,  55,  26,  34,  73,  25,  47,  24,  32,  45,  64,  39,  53,  41,  14,  20,  25,  11,  50,  58,  26,  44,  45,  51,  28,  70,  71,  47,  32,  53,  23,  51,  10,  35,  10,  51,  43,  11,  28,  79,  67,  70,  23,  52,  40,  44,  33,  39,  60,  46,  36,  35,  69,  45,  58,  34,  28,  58,  44,  47,  27,  28,  68,  49,  40,  53,  18,  57  ],
[38,  39,  35,  43,  45,   0,  64,  43,  87,   3,  20,  87,  53,  63,  48,  72,  29,  67,  50,  64,  61,  46,  20,  81,  75,  22,  34,  54,  69,  34,  57,  51,  27,  25,  26,  55,  70,  77,  64,  56,  14,  60,  38,   6,  53,  20,  52,  87,  21,  48,  67,  86,  24,  35,  64,  76,   6,  89,  13,  37,  22,  51,  75,  63,  30,  89,  39,  73,  19,  13,  61,  34,  19,  18,  24,  26,  61,  17,  60,  79  ],
[53,  46,  62,  66,  26,  64,   0,  53,  29,  60,  60,  26,  60,  41,  19,   9,  87,   8,  39,   5,  11,  72,  80,  19,  31,  65,  40,  42,  34,  33,  76,  52,  51,  69,  51,  40,  10,  53,  63,  35,  50,  40,  50,  68,  17,  46,  16,  25,  68,  17,  44,  61,  81,  78,  38,  28,  59,  33,  51,  65,  71,  38,  11,  57,  79,  29,  59,  10,  50,  77,  27,  49,  45,  49,  83,  56,  63,  64,  35,  34  ],
[4,   8,  13,  77,  54,  43,  53,   0,  62,  40,  24,  65,  82,  26,  34,  60,  47,  60,  16,  57,  44,  82,  45,  72,  45,  61,  55,  73,  78,  47,  92,   9,  56,  65,  16,  19,  63,  37,  21,  24,  38,  24,  65,  43,  54,  27,  53,  67,  62,  48,  82,  45,  43,  30,  77,  48,  44,  85,  40,  73,  31,  18,  62,  87,  35,  81,   8,  62,  48,  51,  33,   9,  37,  46,  46,  17,  89,  29,  72,  48  ],
[64,  58,  74,  95,  56,  87,  29,  62,   0,  84,  78,   6,  90,  39,  40,  24, 106,  34,  46,  33,  26, 101, 100,  30,  19,  93,  69,  71,  60,  61, 105,  57,  79,  97,  68,  44,  32,  42,  63,  39,  74,  40,  79,  91,  46,  68,  46,   9,  95,  46,  71,  47, 100,  92,  65,  15,  84,  44,  76,  95,  89,  45,  23,  86,  96,  37,  70,  25,  77, 100,  30,  63,  70,  76, 103,  72,  92,  83,  63,  18  ],
[36,  37,  34,  42,  43,   3,  60,  40,  84,   0,  19,  84,  52,  61,  44,  69,  31,  64,  47,  61,  58,  46,  22,  78,  72,  22,  32,  52,  67,  31,  57,  49,  25,  26,  24,  53,  67,  75,  62,  54,  11,  57,  36,   8,  50,  17,  49,  83,  22,  45,  65,  83,  26,  36,  62,  73,   5,  86,  10,  37,  22,  48,  72,  62,  31,  86,  37,  70,  17,  17,  58,  32,  16,  16,  26,  24,  60,  17,  57,  76  ],
[20,  23,  16,  60,  50,  20,  60,  24,  78,  19,   0,  79,  68,  48,  41,  69,  27,  65,  35,  62,  55,  64,  22,  79,  63,  40,  44,  64,  75,  39,  74,  33,  41,  44,  10,  40,  69,  61,  44,  43,  21,  45,  51,  19,  54,  15,  53,  80,  41,  49,  76,  68,  22,  20,  72,  65,  23,  90,  22,  55,  11,  36,  71,  76,  19,  88,  19,  70,  32,  27,  49,  17,  24,  30,  24,   7,  76,   5,  67,  67  ],
[67,  60,  77,  92,  53,  87,  26,  65,   6,  84,  79,   0,  86,  43,  39,  19, 107,  29,  49,  29,  25,  98, 101,  24,  23,  91,  66,  67,  54,  59, 102,  61,  77,  95,  69,  47,  27,  48,  67,  42,  73,  44,  76,  91,  43,  68,  43,   3,  93,  43,  66,  53, 101,  94,  60,  19,  83,  38,  75,  92,  90,  47,  18,  81,  97,  30,  73,  20,  75, 100,  33,  65,  69,  75, 103,  74,  88,  84,  58,  23  ],
[78,  75,  81,  14,  35,  53,  60,  82,  90,  52,  68,  86,   0,  89,  60,  66,  81,  57,  79,  57,  67,  17,  72,  67,  88,  34,  27,  19,  37,  36,  16,  88,  27,  34,  68,  83,  59, 104, 102,  81,  47,  86,  17,  58,  44,  56,  44,  84,  36,  46,  27, 113,  76,  87,  30,  87,  47,  65,  46,  20,  74,  78,  68,  13,  83,  69,  83,  66,  36,  61,  79,  73,  45,  38,  76,  71,   8,  68,  29,  92  ],
[30,  25,  39,  88,  55,  63,  41,  26,  39,  61,  48,  43,  89,   0,  30,  45,  73,  49,  13,  47,  30,  94,  70,  57,  21,  77,  62,  75,  74,  53, 102,  19,  68,  82,  38,   8,  51,  15,  24,   8,  54,   3,  74,  65,  51,  44,  50,  46,  79,  46,  81,  24,  69,  56,  75,  24,  63,  72,  56,  85,  57,  13,  46,  91,  61,  67,  34,  47,  62,  74,  14,  31,  51,  60,  72,  41,  95,  53,  71,  23  ],
[34,  27,  43,  61,  26,  48,  19,  34,  40,  44,  41,  39,  60,  30,   0,  28,  68,  26,  22,  23,  14,  67,  62,  39,  30,  55,  34,  45,  46,  25,  74,  35,  42,  59,  32,  25,  29,  44,  48,  21,  34,  27,  45,  52,  22,  29,  21,  39,  56,  16,  52,  53,  63,  58,  46,  30,  44,  51,  36,  59,  52,  21,  30,  61,  60,  48,  40,  29,  38,  61,  19,  30,  30,  37,  65,  37,  65,  46,  42,  34  ],
[60,  53,  70,  73,  34,  72,   9,  60,  24,  69,  69,  19,  66,  45,  28,   0,  95,  10,  45,  10,  16,  79,  88,  12,  31,  74,  48,  48,  36,  42,  82,  58,  59,  78,  59,  45,   8,  55,  68,  40,  59,  44,  57,  77,  24,  55,  24,  17,  76,  25,  47,  62,  90,  86,  41,  27,  68,  27,  60,  73,  79,  44,   2,  62,  88,  22,  67,   2,  59,  86,  31,  57,  54,  58,  92,  64,  68,  73,  39,  33  ],
[44,  49,  35,  69,  73,  29,  87,  47, 106,  31,  27, 107,  81,  73,  68,  95,   0,  91,  61,  88,  82,  71,   9, 105,  90,  47,  63,  83,  97,  61,  82,  56,  55,  49,  38,  66,  95,  84,  64,  69,  40,  71,  66,  23,  79,  40,  78, 107,  46,  74,  96,  91,   6,  21,  93,  92,  35, 115,  40,  63,  17,  63,  98,  91,  13, 114,  40,  97,  48,  21,  76,  43,  45,  47,   5,  33,  89,  22,  88,  94  ],
[60,  53,  68,  63,  25,  67,   8,  60,  34,  64,  65,  29,  57,  49,  26,  10,  91,   0,  47,   3,  19,  69,  84,  14,  38,  66,  39,  38,  27,  34,  73,  60,  51,  69,  57,  48,   4,  61,  71,  43,  53,  48,  48,  72,  15,  51,  16,  27,  68,  18,  38,  69,  86,  84,  31,  35,  62,  25,  54,  64,  76,  45,  11,  52,  85,  23,  66,   9,  52,  80,  35,  56,  48,  51,  87,  62,  59,  69,  29,  41  ],
[18,  12,  28,  76,  47,  50,  39,  16,  46,  47,  35,  49,  79,  13,  22,  45,  61,  47,   0,  43,  29,  82,  58,  57,  29,  64,  51,  66,  68,  42,  91,  13,  56,  69,  25,   5,  49,  28,  25,   8,  41,  10,  62,  52,  44,  31,  43,  50,  66,  38,  74,  37,  57,  46,  68,  32,  50,  71,  43,  73,  44,   1,  47,  81,  50,  67,  24,  47,  49,  61,  16,  18,  39,  48,  59,  28,  85,  40,  64,  32  ],
[56,  49,  65,  63,  24,  64,   5,  57,  33,  61,  62,  29,  57,  47,  23,  10,  88,   3,  43,   0,  16,  69,  81,  17,  36,  64,  38,  38,  29,  32,  72,  57,  49,  68,  54,  45,   6,  58,  68,  40,  50,  45,  47,  69,  14,  48,  14,  27,  66,  16,  39,  66,  83,  81,  33,  33,  59,  29,  51,  63,  73,  42,  12,  53,  82,  26,  63,  10,  50,  78,  33,  53,  45,  49,  84,  59,  59,  66,  30,  39  ],
[44,  37,  54,  71,  32,  61,  11,  44,  26,  58,  55,  25,  67,  30,  14,  16,  82,  19,  29,  16,   0,  77,  76,  28,  21,  67,  44,  50,  45,  36,  82,  42,  54,  71,  45,  29,  21,  42,  52,  24,  48,  29,  55,  66,  24,  43,  23,  25,  69,  21,  54,  50,  76,  71,  47,  20,  58,  43,  50,  70,  65,  28,  18,  66,  73,  38,  51,  18,  51,  75,  16,  42,  44,  50,  78,  50,  71,  59,  44,  25  ],
[78,  76,  79,   6,  45,  46,  72,  82, 101,  46,  64,  98,  17,  94,  67,  79,  71,  69,  82,  69,  77,   0,  62,  81,  97,  25,  33,  35,  54,  42,  11,  89,  26,  22,  66,  87,  72, 109, 103,  86,  45,  91,  22,  50,  55,  55,  55,  96,  25,  56,  44, 118,  67,  81,  47,  96,  41,  81,  43,   9,  68,  82,  81,  30,  76,  84,  81,  79,  34,  50,  86,  73,  45,  36,  66,  68,  23,  63,  45, 101  ],
[41,  45,  34,  60,  64,  20,  80,  45, 100,  22,  22, 101,  72,  70,  62,  88,   9,  84,  58,  81,  76,  62,   0,  98,  86,  38,  54,  74,  89,  53,  73,  54,  46,  40,  33,  62,  87,  82,  63,  65,  32,  67,  57,  14,  71,  33,  70, 101,  37,  66,  87,  90,   5,  24,  84,  88,  26, 107,  32,  54,  14,  59,  91,  82,  16, 106,  39,  90,  38,  13,  72,  39,  37,  38,   4,  29,  80,  17,  79,  89  ],
[72,  65,  81,  75,  39,  81,  19,  72,  30,  78,  79,  24,  67,  57,  39,  12, 105,  14,  57,  17,  28,  81,  98,   0,  42,  80,  53,  47,  32,  48,  83,  71,  65,  83,  70,  58,  11,  66,  80,  52,  67,  57,  60,  86,  29,  65,  30,  21,  82,  33,  43,  73, 100,  97,  38,  38,  76,  15,  68,  76,  90,  56,  11,  60,  98,   9,  79,  10,  66,  94,  44,  69,  62,  65, 101,  75,  67,  83,  38,  43  ],
[47,  41,  57,  91,  53,  75,  31,  45,  19,  72,  63,  23,  88,  21,  30,  31,  90,  38,  29,  36,  21,  97,  86,  42,   0,  85,  64,  72,  65,  55, 103,  39,  73,  89,  53,  26,  38,  25,  44,  21,  63,  22,  75,  78,  45,  55,  45,  26,  86,  42,  75,  32,  85,  75,  68,   4,  73,  57,  65,  89,  73,  28,  31,  87,  79,  50,  53,  33,  68,  87,  14,  47,  59,  67,  88,  57,  92,  68,  65,   4  ],
[57,  56,  56,  22,  41,  22,  65,  61,  93,  22,  40,  91,  34,  77,  55,  74,  47,  66,  64,  64,  67,  25,  38,  80,  85,   0,  27,  42,  60,  32,  36,  69,  15,   4,  45,  70,  69,  92,  82,  69,  24,  74,  23,  25,  51,  34,  50,  90,   2,  49,  55, 101,  43,  57,  54,  85,  17,  85,  22,  16,  43,  65,  76,  46,  51,  86,  59,  74,  16,  26,  72,  52,  26,  17,  42,  45,  42,  39,  50,  89  ],
[52,  47,  56,  27,  14,  34,  40,  55,  69,  32,  44,  66,  27,  62,  34,  48,  63,  39,  51,  38,  44,  33,  54,  53,  64,  27,   0,  20,  35,   9,  40,  60,  12,  30,  42,  56,  43,  77,  74,  54,  24,  59,  11,  40,  24,  30,  24,  65,  29,  23,  33,  86,  58,  64,  30,  63,  28,  58,  23,  26,  52,  51,  50,  33,  62,  59,  57,  48,  16,  46,  53,  46,  20,  16,  58,  45,  34,  46,  25,  68  ],
[70,  65,  75,  29,  20,  54,  42,  73,  71,  52,  64,  67,  19,  75,  45,  48,  83,  38,  66,  38,  50,  35,  74,  47,  72,  42,  20,   0,  19,  26,  35,  77,  28,  43,  61,  70,  40,  89,  91,  67,  44,  73,  18,  60,  26,  50,  27,  65,  44,  30,  13,  98,  78,  85,  13,  70,  48,  47,  43,  32,  73,  66,  49,  16,  82,  50,  76,  47,  35,  65,  63,  65,  40,  36,  78,  65,  21,  66,  10,  75  ],
[76,  70,  83,  48,  25,  69,  34,  78,  60,  67,  75,  54,  37,  74,  46,  36,  97,  27,  68,  29,  45,  54,  89,  32,  65,  60,  35,  19,   0,  36,  53,  80,  45,  62,  70,  71,  28,  86,  93,  66,  57,  72,  37,  75,  24,  60,  25,  52,  62,  30,  12,  95,  92,  96,   7,  62,  63,  28,  57,  51,  85,  67,  37,  28,  94,  32,  82,  35,  51,  81,  60,  71,  52,  51,  92,  74,  36,  78,  10,  68  ],
[44,  39,  49,  36,  11,  34,  33,  47,  61,  31,  39,  59,  36,  53,  25,  42,  61,  34,  42,  32,  36,  42,  53,  48,  55,  32,   9,  26,  36,   0,  49,  52,  18,  36,  35,  47,  38,  68,  66,  45,  21,  50,  21,  40,  19,  24,  19,  58,  34,  16,  37,  77,  56,  60,  33,  55,  28,  55,  21,  34,  48,  42,  44,  40,  58,  55,  49,  42,  17,  47,  44,  39,  16,  17,  57,  39,  43,  42,  28,  59  ],
[88,  85,  89,  15,  50,  57,  76,  92, 105,  57,  74, 102,  16, 102,  74,  82,  82,  73,  91,  72,  82,  11,  73,  83, 103,  36,  40,  35,  53,  49,   0,  98,  35,  33,  76,  95,  75, 117, 112,  94,  55,  99,  28,  61,  59,  65,  60, 100,  36,  61,  42, 126,  78,  92,  46, 102,  52,  81,  53,  20,  79,  91,  84,  26,  87,  85,  91,  82,  44,  61,  92,  82,  54,  45,  77,  78,  18,  74,  45, 107  ],
[14,  13,  21,  84,  58,  51,  52,   9,  57,  49,  33,  61,  88,  19,  35,  58,  56,  60,  13,  57,  42,  89,  54,  71,  39,  69,  60,  77,  80,  52,  98,   0,  63,  73,  25,  14,  62,  28,  14,  19,  45,  17,  71,  52,  56,  35,  55,  62,  70,  50,  86,  35,  52,  38,  80,  42,  53,  85,  48,  80,  40,  15,  60,  92,  44,  80,  16,  60,  55,  60,  28,  17,  45,  54,  55,  26,  94,  38,  76,  41  ],
[52,  50,  54,  21,  26,  27,  51,  56,  79,  25,  41,  77,  27,  68,  42,  59,  55,  51,  56,  49,  54,  26,  46,  65,  73,  15,  12,  28,  45,  18,  35,  63,   0,  18,  41,  61,  54,  83,  77,  60,  20,  65,  11,  32,  36,  30,  36,  76,  17,  34,  41,  92,  50,  60,  40,  73,  20,  69,  18,  17,  47,  56,  61,  36,  56,  70,  56,  60,   9,  37,  60,  47,  19,  10,  50,  44,  35,  41,  35,  77  ],
[61,  60,  60,  21,  44,  25,  69,  65,  97,  26,  44,  95,  34,  82,  59,  78,  49,  69,  69,  68,  71,  22,  40,  83,  89,   4,  30,  43,  62,  36,  33,  73,  18,   0,  49,  74,  73,  97,  86,  74,  28,  79,  25,  28,  54,  39,  54,  94,   4,  52,  56, 106,  45,  60,  56,  89,  21,  87,  26,  15,  47,  69,  80,  46,  54,  89,  63,  78,  21,  28,  76,  56,  30,  22,  44,  50,  42,  43,  52,  93  ],
[12,  13,  14,  61,  45,  26,  51,  16,  68,  24,  10,  69,  68,  38,  32,  59,  38,  57,  25,  54,  45,  66,  33,  70,  53,  45,  42,  61,  70,  35,  76,  25,  41,  49,   0,  30,  60,  51,  38,  32,  22,  35,  51,  28,  47,  12,  46,  70,  45,  41,  72,  59,  32,  27,  67,  55,  28,  82,  24,  57,  21,  26,  62,  74,  28,  79,  15,  61,  32,  36,  39,   8,  22,  31,  35,   5,  75,  16,  62,  57  ],
[22,  17,  32,  81,  51,  55,  40,  19,  44,  53,  40,  47,  83,   8,  25,  45,  66,  48,   5,  45,  29,  87,  62,  58,  26,  70,  56,  70,  71,  47,  95,  14,  61,  74,  30,   0,  50,  22,  23,   5,  46,   5,  67,  57,  47,  36,  46,  49,  71,  41,  77,  31,  61,  49,  71,  29,  55,  72,  48,  78,  49,   5,  47,  86,  54,  67,  27,  47,  54,  66,  15,  23,  44,  53,  64,  33,  89,  45,  67,  29  ],
[63,  56,  72,  66,  28,  70,  10,  63,  32,  67,  69,  27,  59,  51,  29,   8,  95,   4,  49,   6,  21,  72,  87,  11,  38,  69,  43,  40,  28,  38,  75,  62,  54,  73,  60,  50,   0,  62,  73,  45,  56,  50,  51,  75,  19,  54,  19,  25,  72,  22,  39,  70,  89,  87,  32,  35,  65,  22,  57,  67,  79,  48,   9,  54,  88,  19,  69,   7,  55,  84,  37,  59,  51,  55,  91,  65,  61,  73,  31,  41  ],
[41,  38,  49, 103,  70,  77,  53,  37,  42,  75,  61,  48, 104,  15,  44,  55,  84,  61,  28,  58,  42, 109,  82,  66,  25,  92,  77,  89,  86,  68, 117,  28,  83,  97,  51,  22,  62,   0,  25,  23,  68,  18,  89,  79,  64,  58,  63,  51,  93,  60,  95,   9,  80,  65,  89,  29,  77,  81,  71, 100,  68,  27,  55, 105,  71,  75,  44,  57,  77,  87,  26,  44,  66,  75,  83,  53, 109,  65,  85,  25  ],
[26,  27,  30,  98,  71,  64,  63,  21,  63,  62,  44,  67, 102,  24,  48,  68,  64,  71,  25,  68,  52, 103,  63,  80,  44,  82,  74,  91,  93,  66, 112,  14,  77,  86,  38,  23,  73,  25,   0,  28,  59,  24,  85,  64,  69,  48,  68,  69,  83,  63,  99,  29,  60,  43,  93,  48,  65,  95,  61,  94,  49,  26,  69, 106,  50,  90,  25,  70,  69,  71,  37,  30,  58,  67,  63,  38, 108,  48,  89,  45  ],
[26,  20,  36,  80,  47,  56,  35,  24,  39,  54,  43,  42,  81,   8,  21,  40,  69,  43,   8,  40,  24,  86,  65,  52,  21,  69,  54,  67,  66,  45,  94,  19,  60,  74,  32,   5,  45,  23,  28,   0,  46,   6,  65,  59,  43,  37,  42,  44,  71,  38,  74,  33,  64,  53,  67,  24,  56,  67,  48,  77,  52,   6,  41,  82,  58,  62,  32,  42,  54,  68,   9,  26,  43,  52,  67,  36,  86,  48,  63,  25  ],
[33,  32,  35,  40,  32,  14,  50,  38,  74,  11,  21,  73,  47,  54,  34,  59,  40,  53,  41,  50,  48,  45,  32,  67,  63,  24,  24,  44,  57,  21,  55,  45,  20,  28,  22,  46,  56,  68,  59,  46,   0,  51,  30,  19,  39,  11,  38,  73,  25,  34,  56,  77,  35,  41,  53,  64,  10,  76,   2,  35,  29,  41,  61,  55,  38,  75,  37,  59,  11,  27,  49,  28,   5,   9,  36,  24,  55,  22,  48,  67  ],
[27,  22,  36,  85,  53,  60,  40,  24,  40,  57,  45,  44,  86,   3,  27,  44,  71,  48,  10,  45,  29,  91,  67,  57,  22,  74,  59,  73,  72,  50,  99,  17,  65,  79,  35,   5,  50,  18,  24,   6,  51,   0,  71,  62,  48,  41,  48,  46,  76,  43,  79,  27,  66,  54,  73,  25,  60,  71,  53,  82,  54,   9,  46,  88,  59,  66,  32,  46,  59,  71,  13,  28,  48,  57,  69,  38,  92,  50,  69,  24  ],
[61,  58,  64,  16,  23,  38,  50,  65,  79,  36,  51,  76,  17,  74,  45,  57,  66,  48,  62,  47,  55,  22,  57,  60,  75,  23,  11,  18,  37,  21,  28,  71,  11,  25,  51,  67,  51,  89,  85,  65,  30,  71,   0,  43,  33,  39,  33,  75,  25,  34,  31,  98,  62,  71,  31,  74,  32,  63,  29,  16,  58,  62,  59,  25,  67,  65,  66,  57,  20,  47,  64,  56,  28,  21,  61,  54,  25,  52,  27,  79  ],
[39,  41,  34,  47,  51,   6,  68,  43,  91,   8,  19,  91,  58,  65,  52,  77,  23,  72,  52,  69,  66,  50,  14,  86,  78,  25,  40,  60,  75,  40,  61,  52,  32,  28,  28,  57,  75,  79,  64,  59,  19,  62,  43,   0,  58,  24,  57,  91,  25,  54,  73,  87,  18,  32,  70,  80,  12,  95,  18,  41,  18,  53,  80,  68,  26,  94,  39,  78,  25,   9,  64,  35,  24,  24,  18,  26,  66,  16,  66,  82  ],
[53,  46,  60,  49,  10,  53,  17,  54,  46,  50,  54,  43,  44,  51,  22,  24,  79,  15,  44,  14,  24,  55,  71,  29,  45,  51,  24,  26,  24,  19,  59,  56,  36,  54,  47,  47,  19,  64,  69,  43,  39,  48,  33,  58,   0,  39,   1,  41,  53,   6,  31,  73,  73,  74,  25,  44,  47,  37,  40,  49,  64,  43,  26,  42,  74,  36,  59,  24,  37,  66,  38,  48,  34,  36,  74,  52,  47,  58,  21,  49  ],
[23,  21,  25,  50,  35,  20,  46,  27,  68,  17,  15,  68,  56,  44,  29,  55,  40,  51,  31,  48,  43,  55,  33,  65,  55,  34,  30,  50,  60,  24,  65,  35,  30,  39,  12,  36,  54,  58,  48,  37,  11,  41,  39,  24,  39,   0,  38,  68,  36,  34,  62,  67,  35,  35,  57,  56,  19,  75,  13,  46,  25,  31,  57,  63,  34,  74,  27,  56,  21,  33,  41,  18,  11,  19,  36,  15,  63,  19,  52,  59  ],
[52,  45,  59,  49,  10,  52,  16,  53,  46,  49,  53,  43,  44,  50,  21,  24,  78,  16,  43,  14,  23,  55,  70,  30,  45,  50,  24,  27,  25,  19,  60,  55,  36,  54,  46,  46,  19,  63,  68,  42,  38,  48,  33,  57,   1,  38,   0,  41,  53,   5,  32,  72,  72,  73,  26,  43,  47,  37,  39,  49,  64,  42,  26,  42,  73,  37,  58,  24,  36,  65,  37,  47,  33,  36,  74,  51,  48,  57,  21,  48  ],
[68,  61,  78,  90,  51,  87,  25,  67,   9,  83,  80,   3,  84,  46,  39,  17, 107,  27,  50,  27,  25,  96, 101,  21,  26,  90,  65,  65,  52,  58, 100,  62,  76,  94,  70,  49,  25,  51,  69,  44,  73,  46,  75,  91,  41,  68,  41,   0,  92,  42,  63,  56, 102,  95,  57,  22,  83,  34,  75,  90,  90,  49,  16,  79,  98,  27,  74,  18,  75, 100,  34,  66,  68,  74, 104,  75,  86,  85,  56,  26  ],
[57,  57,  56,  23,  43,  21,  68,  62,  95,  22,  41,  93,  36,  79,  56,  76,  46,  68,  66,  66,  69,  25,  37,  82,  86,   2,  29,  44,  62,  34,  36,  70,  17,   4,  45,  71,  72,  93,  83,  71,  25,  76,  25,  25,  53,  36,  53,  92,   0,  51,  57, 102,  42,  57,  56,  87,  18,  87,  23,  17,  43,  66,  78,  48,  51,  88,  59,  76,  18,  25,  73,  53,  28,  19,  41,  46,  44,  39,  52,  91  ],
[47,  40,  54,  49,  11,  48,  17,  48,  46,  45,  49,  43,  46,  46,  16,  25,  74,  18,  38,  16,  21,  56,  66,  33,  42,  49,  23,  30,  30,  16,  61,  50,  34,  52,  41,  41,  22,  60,  63,  38,  34,  43,  34,  54,   6,  34,   5,  42,  51,   0,  36,  69,  68,  68,  30,  41,  43,  42,  36,  49,  59,  37,  28,  45,  68,  40,  53,  26,  34,  62,  33,  42,  29,  33,  69,  46,  50,  52,  26,  46  ],
[80,  75,  86,  40,  28,  67,  44,  82,  71,  65,  76,  66,  27,  81,  52,  47,  96,  38,  74,  39,  54,  44,  87,  43,  75,  55,  33,  13,  12,  37,  42,  86,  41,  56,  72,  77,  39,  95,  99,  74,  56,  79,  31,  73,  31,  62,  32,  63,  57,  36,   0, 104,  91,  97,   6,  72,  61,  39,  56,  44,  85,  73,  48,  17,  94,  44,  86,  46,  48,  78,  68,  75,  52,  49,  91,  76,  25,  78,  10,  78  ],
[49,  46,  56, 112,  79,  86,  61,  45,  47,  83,  68,  53, 113,  24,  53,  62,  91,  69,  37,  66,  50, 118,  90,  73,  32, 101,  86,  98,  95,  77, 126,  35,  92, 106,  59,  31,  70,   9,  29,  33,  77,  27,  98,  87,  73,  67,  72,  56, 102,  69, 104,   0,  87,  71,  97,  35,  86,  88,  80, 110,  75,  36,  63, 114,  78,  82,  51,  64,  86,  96,  35,  52,  75,  84,  90,  61, 118,  73,  93,  30  ],
[39,  44,  31,  65,  67,  24,  81,  43, 100,  26,  22, 101,  76,  69,  63,  90,   6,  86,  57,  83,  76,  67,   5, 100,  85,  43,  58,  78,  92,  56,  78,  52,  50,  45,  32,  61,  89,  80,  60,  64,  35,  66,  62,  18,  73,  35,  72, 102,  42,  68,  91,  87,   0,  19,  88,  87,  30, 110,  35,  59,  12,  58,  92,  87,  11, 108,  36,  91,  42,  18,  71,  38,  40,  42,   3,  28,  84,  17,  83,  89  ],
[27,  34,  17,  78,  70,  35,  78,  30,  92,  36,  20,  94,  87,  56,  58,  86,  21,  84,  46,  81,  71,  81,  24,  97,  75,  57,  64,  85,  96,  60,  92,  38,  60,  60,  27,  49,  87,  65,  43,  53,  41,  54,  71,  32,  74,  35,  73,  95,  57,  68,  97,  71,  19,   0,  93,  78,  41, 109,  42,  72,  14,  47,  88,  96,   8, 106,  22,  87,  51,  36,  62,  29,  44,  50,  22,  22,  95,  19,  88,  78  ],
[75,  69,  81,  41,  23,  64,  38,  77,  65,  62,  72,  60,  30,  75,  46,  41,  93,  31,  68,  33,  47,  47,  84,  38,  68,  54,  30,  13,   7,  33,  46,  80,  40,  56,  67,  71,  32,  89,  93,  67,  53,  73,  31,  70,  25,  57,  26,  57,  56,  30,   6,  97,  88,  93,   0,  66,  58,  35,  53,  45,  81,  67,  42,  22,  91,  39,  81,  40,  46,  76,  62,  70,  49,  46,  88,  72,  29,  75,   5,  72  ],
[50,  44,  60,  90,  52,  76,  28,  48,  15,  73,  65,  19,  87,  24,  30,  27,  92,  35,  32,  33,  20,  96,  88,  38,   4,  85,  63,  70,  62,  55, 102,  42,  73,  89,  55,  29,  35,  29,  48,  24,  64,  25,  74,  80,  44,  56,  43,  22,  87,  41,  72,  35,  87,  78,  66,   0,  74,  53,  66,  89,  75,  31,  28,  85,  82,  46,  56,  29,  69,  89,  16,  50,  60,  68,  90,  59,  91,  71,  63,   6  ],
[40,  40,  39,  37,  40,   6,  59,  44,  84,   5,  23,  83,  47,  63,  44,  68,  35,  62,  50,  59,  58,  41,  26,  76,  73,  17,  28,  48,  63,  28,  52,  53,  20,  21,  28,  55,  65,  77,  65,  56,  10,  60,  32,  12,  47,  19,  47,  83,  18,  43,  61,  86,  30,  41,  58,  74,   0,  84,   8,  32,  27,  50,  70,  57,  36,  83,  42,  69,  13,  18,  59,  35,  15,  12,  30,  28,  55,  22,  54,  77  ],
[85,  78,  94,  76,  44,  89,  33,  85,  44,  86,  90,  38,  65,  72,  51,  27, 115,  25,  71,  29,  43,  81, 107,  15,  57,  85,  58,  47,  28,  55,  81,  85,  69,  87,  82,  72,  22,  81,  95,  67,  76,  71,  63,  95,  37,  75,  37,  34,  87,  42,  39,  88, 110, 109,  35,  53,  84,   0,  76,  78, 101,  70,  26,  56, 110,   7,  92,  25,  72, 102,  58,  81,  71,  72, 111,  87,  64,  94,  37,  58  ],
[35,  34,  36,  38,  33,  13,  51,  40,  76,  10,  22,  75,  46,  56,  36,  60,  40,  54,  43,  51,  50,  43,  32,  68,  65,  22,  23,  43,  57,  21,  53,  48,  18,  26,  24,  48,  57,  71,  61,  48,   2,  53,  29,  18,  40,  13,  39,  75,  23,  36,  56,  80,  35,  42,  53,  66,   8,  76,   0,  33,  29,  43,  62,  54,  39,  76,  39,  61,   9,  26,  51,  30,   6,   8,  36,  25,  53,  23,  48,  69  ],
[69,  67,  69,   6,  39,  37,  65,  73,  95,  37,  55,  92,  20,  85,  59,  73,  63,  64,  73,  63,  70,   9,  54,  76,  89,  16,  26,  32,  51,  34,  20,  80,  17,  15,  57,  78,  67, 100,  94,  77,  35,  82,  16,  41,  49,  46,  49,  90,  17,  49,  44, 110,  59,  72,  45,  89,  32,  78,  33,   0,  59,  73,  75,  32,  67,  81,  72,  73,  25,  42,  77,  63,  35,  26,  58,  59,  27,  54,  42,  93  ],
[27,  32,  19,  64,  60,  22,  71,  31,  89,  22,  11,  90,  74,  57,  52,  79,  17,  76,  44,  73,  65,  68,  14,  90,  73,  43,  52,  73,  85,  48,  79,  40,  47,  47,  21,  49,  79,  68,  49,  52,  29,  54,  58,  18,  64,  25,  64,  90,  43,  59,  85,  75,  12,  14,  81,  75,  27, 101,  29,  59,   0,  46,  81,  83,   9,  98,  24,  81,  38,  23,  59,  26,  33,  37,  15,  16,  82,   7,  76,  77  ],
[20,  14,  30,  76,  46,  51,  38,  18,  45,  48,  36,  47,  78,  13,  21,  44,  63,  45,   1,  42,  28,  82,  59,  56,  28,  65,  51,  66,  67,  42,  91,  15,  56,  69,  26,   5,  48,  27,  26,   6,  41,   9,  62,  53,  43,  31,  42,  49,  66,  37,  73,  36,  58,  47,  67,  31,  50,  70,  43,  73,  46,   0,  45,  81,  51,  65,  26,  46,  49,  62,  15,  20,  39,  48,  60,  30,  84,  41,  63,  31  ],
[62,  55,  72,  75,  36,  75,  11,  62,  23,  72,  71,  18,  68,  46,  30,   2,  98,  11,  47,  12,  18,  81,  91,  11,  31,  76,  50,  49,  37,  44,  84,  60,  61,  80,  62,  47,   9,  55,  69,  41,  61,  46,  59,  80,  26,  57,  26,  16,  78,  28,  48,  63,  92,  88,  42,  28,  70,  26,  62,  75,  81,  45,   0,  63,  90,  20,  69,   2,  61,  88,  33,  59,  56,  60,  94,  66,  70,  75,  40,  33  ],
[84,  79,  88,  27,  35,  63,  57,  87,  86,  62,  76,  81,  13,  91,  61,  62,  91,  52,  81,  53,  66,  30,  82,  60,  87,  46,  33,  16,  28,  40,  26,  92,  36,  46,  74,  86,  54, 105, 106,  82,  55,  88,  25,  68,  42,  63,  42,  79,  48,  45,  17, 114,  87,  96,  22,  85,  57,  56,  54,  32,  83,  81,  63,   0,  92,  61,  89,  61,  45,  72,  79,  79,  52,  46,  86,  78,   8,  77,  23,  91  ],
[32,  38,  23,  73,  69,  30,  79,  35,  96,  31,  19,  97,  83,  61,  60,  88,  13,  85,  50,  82,  73,  76,  16,  98,  79,  51,  62,  82,  94,  58,  87,  44,  56,  54,  28,  54,  88,  71,  50,  58,  38,  59,  67,  26,  74,  34,  73,  98,  51,  68,  94,  78,  11,   8,  91,  82,  36, 110,  39,  67,   9,  51,  90,  92,   0, 107,  27,  89,  47,  28,  66,  32,  42,  46,  14,  23,  91,  16,  86,  82  ],
[81,  74,  91,  79,  45,  89,  29,  81,  37,  86,  88,  30,  69,  67,  48,  22, 114,  23,  67,  26,  38,  84, 106,   9,  50,  86,  59,  50,  32,  55,  85,  80,  70,  89,  79,  67,  19,  75,  90,  62,  75,  66,  65,  94,  36,  74,  37,  27,  88,  40,  44,  82, 108, 106,  39,  46,  83,   7,  76,  81,  98,  65,  20,  61, 107,   0,  88,  20,  73, 102,  53,  78,  70,  72, 110,  84,  68,  92,  40,  52  ],
[7,  14,   5,  77,  58,  39,  59,   8,  70,  37,  19,  73,  83,  34,  40,  67,  40,  66,  24,  63,  51,  81,  39,  79,  53,  59,  57,  76,  82,  49,  91,  16,  56,  63,  15,  27,  69,  44,  25,  32,  37,  32,  66,  39,  59,  27,  58,  74,  59,  53,  86,  51,  36,  22,  81,  56,  42,  92,  39,  72,  24,  26,  69,  89,  27,  88,   0,  69,  47,  46,  40,  11,  38,  46,  39,  13,  90,  23,  76,  56  ],
[62,  55,  71,  72,  34,  73,  10,  62,  25,  70,  70,  20,  66,  47,  29,   2,  97,   9,  47,  10,  18,  79,  90,  10,  33,  74,  48,  47,  35,  42,  82,  60,  60,  78,  61,  47,   7,  57,  70,  42,  59,  46,  57,  78,  24,  56,  24,  18,  76,  26,  46,  64,  91,  87,  40,  29,  69,  25,  61,  73,  81,  46,   2,  61,  89,  20,  69,   0,  59,  87,  33,  59,  55,  59,  93,  66,  68,  74,  38,  35  ],
[44,  42,  45,  29,  28,  19,  50,  48,  77,  17,  32,  75,  36,  62,  38,  59,  48,  52,  49,  50,  51,  34,  38,  66,  68,  16,  16,  35,  51,  17,  44,  55,   9,  21,  32,  54,  55,  77,  69,  54,  11,  59,  20,  25,  37,  21,  36,  75,  18,  34,  48,  86,  42,  51,  46,  69,  13,  72,   9,  25,  38,  49,  61,  45,  47,  73,  47,  59,   0,  30,  55,  39,  11,   1,  43,  35,  44,  32,  41,  73  ],
[47,  49,  42,  48,  58,  13,  77,  51, 100,  17,  27, 100,  61,  74,  61,  86,  21,  80,  61,  78,  75,  50,  13,  94,  87,  26,  46,  65,  81,  47,  61,  60,  37,  28,  36,  66,  84,  87,  71,  68,  27,  71,  47,   9,  66,  33,  65, 100,  25,  62,  78,  96,  18,  36,  76,  89,  18, 102,  26,  42,  23,  62,  88,  72,  28, 102,  46,  87,  30,   0,  73,  44,  32,  30,  16,  34,  69,  23,  71,  91  ],
[34,  28,  44,  79,  44,  61,  27,  33,  30,  58,  49,  33,  79,  14,  19,  31,  76,  35,  16,  33,  16,  86,  72,  44,  14,  72,  53,  63,  60,  44,  92,  28,  60,  76,  39,  15,  37,  26,  37,   9,  49,  13,  64,  64,  38,  41,  37,  34,  73,  33,  68,  35,  71,  62,  62,  16,  59,  58,  51,  77,  59,  15,  33,  79,  66,  53,  40,  33,  55,  73,   0,  34,  46,  54,  74,  43,  83,  54,  58,  18  ],
[5,   6,  13,  68,  47,  34,  49,   9,  63,  32,  17,  65,  73,  31,  30,  57,  43,  56,  18,  53,  42,  73,  39,  69,  47,  52,  46,  65,  71,  39,  82,  17,  47,  56,   8,  23,  59,  44,  30,  26,  28,  28,  56,  35,  48,  18,  47,  66,  53,  42,  75,  52,  38,  29,  70,  50,  35,  81,  30,  63,  26,  20,  59,  79,  32,  78,  11,  59,  39,  44,  34,   0,  28,  37,  41,  10,  80,  22,  65,  51  ],
[34,  31,  36,  39,  27,  19,  45,  37,  70,  16,  24,  69,  45,  51,  30,  54,  45,  48,  39,  45,  44,  45,  37,  62,  59,  26,  20,  40,  52,  16,  54,  45,  19,  30,  22,  44,  51,  66,  58,  43,   5,  48,  28,  24,  34,  11,  33,  68,  28,  29,  52,  75,  40,  44,  49,  60,  15,  71,   6,  35,  33,  39,  56,  52,  42,  70,  38,  55,  11,  32,  46,  28,   0,   9,  41,  25,  53,  26,  44,  64  ],
[42,  40,  44,  31,  28,  18,  49,  46,  76,  16,  30,  75,  38,  60,  37,  58,  47,  51,  48,  49,  50,  36,  38,  65,  67,  17,  16,  36,  51,  17,  45,  54,  10,  22,  31,  53,  55,  75,  67,  52,   9,  57,  21,  24,  36,  19,  36,  74,  19,  33,  49,  84,  42,  50,  46,  68,  12,  72,   8,  26,  37,  48,  60,  46,  46,  72,  46,  59,   1,  30,  54,  37,   9,   0,  42,  33,  45,  31,  41,  71  ],
[42,  47,  34,  64,  68,  24,  83,  46, 103,  26,  24, 103,  76,  72,  65,  92,   5,  87,  59,  84,  78,  66,   4, 101,  88,  42,  58,  78,  92,  57,  77,  55,  50,  44,  35,  64,  91,  83,  63,  67,  36,  69,  61,  18,  74,  36,  74, 104,  41,  69,  91,  90,   3,  22,  88,  90,  30, 111,  36,  58,  15,  60,  94,  86,  14, 110,  39,  93,  43,  16,  74,  41,  41,  42,   0,  31,  84,  19,  83,  91  ],
[13,  16,  11,  64,  49,  26,  56,  17,  72,  24,   7,  74,  71,  41,  37,  64,  33,  62,  28,  59,  50,  68,  29,  75,  57,  45,  45,  65,  74,  39,  78,  26,  44,  50,   5,  33,  65,  53,  38,  36,  24,  38,  54,  26,  52,  15,  51,  75,  46,  46,  76,  61,  28,  22,  72,  59,  28,  87,  25,  59,  16,  30,  66,  78,  23,  84,  13,  66,  35,  34,  43,  10,  25,  33,  31,   0,  78,  12,  67,  60  ],
[85,  81,  89,  21,  40,  61,  63,  89,  92,  60,  76,  88,   8,  95,  65,  68,  89,  59,  85,  59,  71,  23,  80,  67,  92,  42,  34,  21,  36,  43,  18,  94,  35,  42,  75,  89,  61, 109, 108,  86,  55,  92,  25,  66,  47,  63,  48,  86,  44,  50,  25, 118,  84,  95,  29,  91,  55,  64,  53,  27,  82,  84,  70,   8,  91,  68,  90,  68,  44,  69,  83,  80,  53,  45,  84,  78,   0,  76,  30,  96  ],
[24,  28,  19,  59,  53,  17,  64,  29,  83,  17,   5,  84,  68,  53,  46,  73,  22,  69,  40,  66,  59,  63,  17,  83,  68,  39,  46,  66,  78,  42,  74,  38,  41,  43,  16,  45,  73,  65,  48,  48,  22,  50,  52,  16,  58,  19,  57,  85,  39,  52,  78,  73,  17,  19,  75,  71,  22,  94,  23,  54,   7,  41,  75,  77,  16,  92,  23,  74,  32,  23,  54,  22,  26,  31,  19,  12,  76,   0,  70,  72  ],
[70,  64,  76,  39,  18,  60,  35,  72,  63,  57,  67,  58,  29,  71,  42,  39,  88,  29,  64,  30,  44,  45,  79,  38,  65,  50,  25,  10,  10,  28,  45,  76,  35,  52,  62,  67,  31,  85,  89,  63,  48,  69,  27,  66,  21,  52,  21,  56,  52,  26,  10,  93,  83,  88,   5,  63,  54,  37,  48,  42,  76,  63,  40,  23,  86,  40,  76,  38,  41,  71,  58,  65,  44,  41,  83,  67,  30,  70,   0,  69  ],
[51,  45,  60,  95,  57,  79,  34,  48,  18,  76,  67,  23,  92,  23,  34,  33,  94,  41,  32,  39,  25, 101,  89,  43,   4,  89,  68,  75,  68,  59, 107,  41,  77,  93,  57,  29,  41,  25,  45,  25,  67,  24,  79,  82,  49,  59,  48,  26,  91,  46,  78,  30,  89,  78,  72,   6,  77,  58,  69,  93,  77,  31,  33,  91,  82,  52,  56,  35,  73,  91,  18,  51,  64,  71,  91,  60,  96,  72,  69,   0   ]
];