
//numero de Pontos
 n = 100

//Coordenadas dos Pontos 
55, 84
15, 72
78, 37
54, 38
27, 88
77, 92
14, 30
12, 78
33, 88
68, 95
80, 3
11, 100
57, 71
100, 61
5, 57
3, 61
73, 75
47, 14
21, 87
5, 78
16, 90
49, 15
90, 45
60, 23
58, 64
7, 1
63, 42
63, 47
26, 76
77, 41
67, 59
31, 69
79, 92
14, 60
50, 86
85, 9
39, 42
57, 40
54, 78
51, 31
59, 56
20, 86
53, 35
54, 41
70, 13
86, 73
8, 50
47, 88
59, 18
69, 28
22, 7
68, 27
83, 45
36, 4
63, 9
52, 2
92, 40
88, 73
46, 97
8, 88
69, 34
4, 22
91, 46
48, 26
31, 44
98, 34
36, 62
43, 37
44, 8
85, 7
1, 1
49, 63
60, 30
95, 83
30, 4
4, 52
68, 40
16, 67
43, 24
63, 63
29, 77
67, 83
99, 36
16, 18
78, 45
27, 77
87, 61
63, 63
84, 92
58, 63
37, 3
3, 44
66, 38
50, 62
6, 35
54, 97
83, 49
29, 32
76, 2
96, 8

d = [
   [0,  42,  52,  46,  28,  23,  68,  43,  22,  17,  85,  47,  13,  51,  57,  57,  20,  70,  34,  50,  39,  69,  52,  61,  20,  96,  43,  38,  30,  48,  28,  28,  25,  48,   5,  81,  45,  44,   6,  53,  28,  35,  49,  43,  73,  33,  58,   9,  66,  58,  84,  58,  48,  82,  75,  82,  57,  35,  16,  47,  52,  80,  52,  58,  47,  66,  29,  49,  77,  83,  99,  22,  54,  40,  84,  60,  46,  43,  61,  22,  27,  12,  65,  77,  45,  29,  39,  22,  30,  21,  83,  66,  47,  23,  69,  13,  45,  58,  85,  86  ],
[42,   0,  72,  52,  20,  65,  42,   7,  24,  58,  95,  28,  42,  86,  18,  16,  58,  66,  16,  12,  18,  66,  80,  67,  44,  71,  57,  54,  12,  69,  54,  16,  67,  12,  38,  94,  38,  53,  39,  55,  47,  15,  53,  50,  81,  71,  23,  36,  70,  70,  65,  70,  73,  71,  79,  79,  83,  73,  40,  17,  66,  51,  80,  57,  32,  91,  23,  45,  70,  96,  72,  35,  62,  81,  70,  23,  62,   5,  56,  49,  15,  53,  91,  54,  69,  13,  73,  49,  72,  44,  72,  30,  61,  36,  38,  46,  72,  42,  93, 103  ],
[52,  72,   0,  24,  72,  55,  64,  78,  68,  59,  34,  92,  40,  33,  76,  79,  38,  39,  76,  84,  82,  36,  14,  23,  34,  80,  16,  18,  65,   4,  25,  57,  55,  68,  56,  29,  39,  21,  48,  28,  27,  76,  25,  24,  25,  37,  71,  60,  27,  13,  64,  14,   9,  53,  32,  44,  14,  37,  68,  87,   9,  76,  16,  32,  48,  20,  49,  35,  45,  31,  85,  39,  19,  49,  58,  76,  10,  69,  37,  30,  63,  47,  21,  65,   8,  65,  26,  30,  55,  33,  53,  75,  12,  38,  72,  65,  13,  49,  35,  34  ],
[46,  52,  24,   0,  57,  59,  41,  58,  54,  59,  44,  75,  33,  51,  53,  56,  42,  25,  59,  63,  64,  24,  37,  16,  26,  60,  10,  13,  47,  23,  25,  39,  60,  46,  48,  42,  16,   4,  40,   8,  19,  59,   3,   3,  30,  47,  48,  50,  21,  18,  45,  18,  30,  38,  30,  36,  38,  49,  60,  68,  16,  52,  38,  13,  24,  44,  30,  11,  32,  44,  65,  25,  10,  61,  42,  52,  14,  48,  18,  27,  46,  47,  45,  43,  25,  47,  40,  27,  62,  25,  39,  51,  12,  24,  48,  59,  31,  26,  42,  52  ],
[28,  20,  72,  57,   0,  50,  59,  18,   6,  42, 100,  20,  34,  78,  38,  36,  48,  77,   6,  24,  11,  76,  76,  73,  39,  89,  58,  55,  12,  69,  49,  19,  52,  31,  23,  98,  48,  57,  29,  62,  45,   7,  59,  54,  86,  61,  42,  20,  77,  73,  81,  73,  71,  84,  87,  90,  81,  63,  21,  19,  68,  70,  77,  65,  44,  89,  28,  53,  82, 100,  91,  33,  67,  68,  84,  43,  63,  24,  66,  44,  11,  40,  89,  71,  67,  11,  66,  44,  57,  40,  86,  50,  63,  35,  57,  28,  68,  56,  99, 106  ],
[23,  65,  55,  59,  50,   0,  88,  66,  44,   9,  89,  66,  29,  39,  80,  80,  17,  84,  56,  73,  61,  82,  49,  71,  34, 115,  52,  47,  53,  51,  34,  51,   2,  71,  28,  83,  63,  56,  27,  66,  40,  57,  62,  56,  79,  21,  81,  30,  76,  64, 101,  66,  47,  97,  84,  93,  54,  22,  31,  69,  59, 101,  48,  72,  66,  62,  51,  65,  90,  85, 119,  40,  64,  20, 100,  83,  53,  66,  76,  32,  50,  13,  60,  96,  47,  52,  33,  32,   7,  35,  98,  88,  55,  40,  91,  24,  43,  77,  90,  86  ],
[68,  42,  64,  41,  59,  88,   0,  48,  61,  85,  71,  70,  59,  91,  28,  33,  74,  37,  57,  49,  60,  38,  77,  47,  56,  30,  50,  52,  48,  64,  60,  43,  90,  30,  67,  74,  28,  44,  62,  37,  52,  56,  39,  41,  59,  84,  21,  67,  47,  55,  24,  54,  71,  34,  53,  47,  79,  86,  74,  58,  55,  13,  79,  34,  22,  84,  39,  30,  37,  75,  32,  48,  46,  97,  31,  24,  55,  37,  30,  59,  49,  75,  85,  12,  66,  49,  79,  59,  94,  55,  35,  18,  53,  48,   9,  78,  72,  15,  68,  85  ],
[43,   7,  78,  58,  18,  66,  48,   0,  23,  59, 101,  22,  46,  90,  22,  19,  61,  73,  13,   7,  13,  73,  85,  73,  48,  77,  62,  60,  14,  75,  58,  21,  68,  18,  39, 100,  45,  59,  42,  61,  52,  11,  59,  56,  87,  74,  28,  36,  76,  76,  72,  76,  78,  78,  86,  86,  89,  76,  39,  11,  72,  57,  85,  63,  39,  97,  29,  51,  77, 102,  78,  40,  68,  83,  76,  27,  68,  12,  62,  53,  17,  55,  97,  60,  74,  15,  77,  53,  73,  48,  79,  35,  67,  41,  43,  46,  77,  49,  99, 109  ],
[22,  24,  68,  54,   6,  44,  61,  23,   0,  36,  97,  25,  29,  72,  42,  40,  42,  75,  12,  30,  17,  75,  71,  70,  35,  91,  55,  51,  14,  64,  45,  19,  46,  34,  17,  95,  46,  54,  23,  60,  41,  13,  57,  51,  84,  55,  45,  14,  75,  70,  82,  70,  66,  84,  85,  88,  76,  57,  16,  25,  65,  72,  72,  64,  44,  85,  26,  52,  81,  96,  93,  30,  64,  62,  84,  46,  59,  27,  65,  39,  12,  34,  84,  72,  62,  13,  60,  39,  51,  35,  85,  53,  60,  31,  59,  23,  63,  56,  96, 102  ],
[17,  58,  59,  59,  42,   9,  85,  59,  36,   0,  93,  57,  26,  47,  74,  73,  21,  84,  48,  65,  52,  82,  55,  72,  33, 112,  53,  48,  46,  55,  36,  45,  11,  64,  20,  88,  60,  56,  22,  66,  40,  49,  62,  56,  82,  28,  75,  22,  78,  67,  99,  68,  52,  96,  86,  94,  60,  30,  22,  60,  61,  97,  54,  72,  63,  68,  46,  63,  90,  90, 115,  37,  65,  30,  99,  77,  55,  59,  75,  32,  43,  12,  67,  93,  51,  45,  39,  32,  16,  34,  97,  83,  57,  38,  86,  14,  48,  74,  93,  91  ],
[85,  95,  34,  44, 100,  89,  71, 101,  97,  93,   0, 119,  72,  61,  92,  96,  72,  35, 103, 106, 108,  33,  43,  28,  65,  73,  43,  47,  91,  38,  57,  82,  89,  87,  88,   8,  57,  44,  79,  40,  57, 102,  42,  46,  14,  70,  86,  91,  26,  27,  58,  27,  42,  44,  18,  28,  39,  70, 100, 111,  33,  78,  44,  39,  64,  36,  74,  50,  36,   6,  79,  68,  34,  81,  50,  90,  39,  91,  43,  62,  90,  81,  38,  66,  42,  91,  58,  62,  89,  64,  43,  87,  38,  66,  81,  98,  46,  59,   4,  17  ],
[47,  28,  92,  75,  20,  66,  70,  22,  25,  57, 119,   0,  54,  97,  43,  40,  67,  93,  16,  23,  11,  93,  96,  91,  59,  99,  78,  74,  28,  89,  69,  37,  68,  40,  41, 117,  64,  76,  48,  80,  65,  17,  77,  73, 105,  80,  50,  38,  95,  92,  94,  93,  91,  99, 105, 106, 101,  82,  35,  12,  88,  78,  97,  83,  59, 109,  45,  71,  98, 119, 100,  53,  85,  86,  98,  49,  83,  33,  82,  64,  29,  59, 109,  82,  87,  28,  85,  64,  73,  60, 100,  57,  83,  54,  65,  43,  88,  70, 118, 125  ],
[13,  42,  40,  33,  34,  29,  59,  46,  29,  26,  72,  54,   0,  44,  54,  55,  16,  58,  39,  52,  45,  57,  42,  48,   7,  86,  30,  25,  31,  36,  16,  26,  30,  44,  17,  68,  34,  31,   8,  40,  15,  40,  36,  30,  59,  29,  53,  20,  53,  45,  73,  45,  37,  70,  62,  69,  47,  31,  28,  52,  39,  72,  42,  46,  37,  55,  23,  37,  64,  70,  90,  11,  41,  40,  72,  56,  33,  41,  49,  10,  29,  16,  55,  67,  33,  31,  32,  10,  34,   8,  71,  60,  34,  11,  62,  26,  34,  48,  72,  74  ],
[51,  86,  33,  51,  78,  39,  91,  90,  72,  47,  61,  97,  44,   0,  95,  97,  30,  71,  83,  97,  89,  69,  19,  55,  42, 111,  42,  40,  76,  30,  33,  69,  37,  86,  56,  54,  64,  48,  49,  57,  41,  84,  54,  50,  57,  18,  93,  59,  59,  45,  95,  47,  23,  86,  64,  76,  22,  17,  65,  96,  41, 104,  17,  63,  71,  27,  64,  62,  77,  56, 116,  51,  51,  23,  90,  96,  38,  84,  68,  37,  73,  40,  25,  94,  27,  75,  13,  37,  35,  42,  86,  98,  41,  50,  98,  58,  21,  77,  64,  53  ],
[57,  18,  76,  53,  38,  80,  28,  22,  42,  74,  92,  43,  54,  95,   0,   4,  70,  60,  34,  21,  35,  61,  86,  65,  53,  56,  60,  59,  28,  74,  62,  29,  82,   9,  54,  93,  37,  55,  53,  53,  54,  33,  53,  52,  78,  83,   8,  52,  67,  70,  53,  70,  79,  61,  75,  72,  89,  85,  57,  31,  68,  35,  87,  53,  29,  96,  31,  43,  63,  94,  56,  44,  61,  94,  59,   5,  65,  15,  50,  58,  31,  67,  96,  41,  74,  30,  82,  58,  86,  53,  63,  13,  64,  45,  22,  63,  78,  35,  90, 103  ],
[57,  16,  79,  56,  36,  80,  33,  19,  40,  73,  96,  40,  55,  97,   4,   0,  71,  64,  32,  17,  32,  65,  88,  69,  55,  60,  63,  62,  27,  77,  64,  29,  82,  11,  53,  97,  41,  58,  54,  57,  56,  30,  56,  55,  82,  84,  12,  52,  71,  74,  57,  73,  82,  66,  79,  77,  91,  86,  56,  27,  71,  39,  89,  57,  33,  99,  33,  47,  67,  98,  60,  46,  65,  95,  63,   9,  68,  14,  54,  60,  31,  68,  99,  45,  77,  29,  84,  60,  87,  55,  67,  17,  67,  47,  26,  62,  81,  39,  94, 107  ],
[20,  58,  38,  42,  48,  17,  74,  61,  42,  21,  72,  67,  16,  30,  70,  71,   0,  66,  53,  68,  59,  65,  34,  54,  19,  99,  34,  30,  47,  34,  17,  42,  18,  61,  25,  67,  47,  38,  19,  49,  24,  54,  45,  39,  62,  13,  70,  29,  59,  47,  85,  48,  32,  80,  67,  76,  40,  15,  35,  66,  41,  87,  34,  55,  52,  48,  39,  48,  73,  69, 103,  27,  47,  23,  83,  73,  35,  58,  59,  16,  44,  10,  47,  81,  30,  46,  20,  16,  20,  19,  80,  77,  38,  26,  78,  29,  28,  62,  73,  71  ],
[70,  66,  39,  25,  77,  84,  37,  73,  75,  84,  35,  93,  58,  71,  60,  64,  66,   0,  77,  77,  82,   2,  53,  16,  51,  42,  32,  37,  65,  40,  49,  57,  84,  57,  72,  38,  29,  28,  64,  17,  44,  77,  22,  28,  23,  71,  53,  74,  13,  26,  26,  25,  48,  15,  17,  13,  52,  72,  83,  84,  30,  44,  54,  12,  34,  55,  49,  23,   7,  39,  48,  49,  21,  84,  20,  57,  33,  61,  11,  52,  66,  72,  56,  31,  44,  66,  62,  52,  86,  50,  15,  53,  31,  48,  46,  83,  50,  25,  31,  49  ],
[34,  16,  76,  59,   6,  56,  57,  13,  12,  48, 103,  16,  39,  83,  34,  32,  53,  77,   0,  18,   6,  77,  81,  75,  44,  87,  62,  58,  12,  72,  54,  21,  58,  28,  29, 101,  48,  59,  34,  64,  49,   1,  61,  57,  89,  66,  39,  26,  79,  76,  80,  76,  75,  84,  89,  90,  85,  68,  27,  13,  72,  67,  81,  67,  44,  93,  29,  55,  82, 102,  88,  37,  69,  74,  83,  39,  66,  21,  67,  48,  13,  46,  93,  69,  71,  12,  71,  48,  63,  44,  86,  47,  67,  38,  54,  34,  73,  56, 101, 109  ],
[50,  12,  84,  63,  24,  73,  49,   7,  30,  65, 106,  23,  52,  97,  21,  17,  68,  77,  18,   0,  16,  77,  91,  78,  55,  77,  68,  66,  21,  81,  65,  28,  75,  20,  46, 106,  50,  64,  49,  66,  58,  17,  64,  61,  92,  81,  28,  43,  81,  81,  73,  81,  85,  80,  90,  89,  95,  83,  45,  10,  78,  56,  92,  67,  43, 103,  35,  56,  80, 107,  77,  46,  73,  90,  78,  26,  74,  16,  66,  60,  24,  62, 103,  61,  80,  22,  84,  60,  80,  55,  82,  34,  73,  48,  43,  53,  83,  52, 104, 115  ],
[39,  18,  82,  64,  11,  61,  60,  13,  17,  52, 108,  11,  45,  89,  35,  32,  59,  82,   6,  16,   0,  82,  87,  80,  49,  89,  67,  64,  17,  78,  60,  26,  63,  30,  34, 106,  53,  65,  40,  69,  55,   6,  66,  62,  94,  72,  41,  31,  84,  82,  83,  82,  81,  88,  94,  95,  91,  74,  31,   8,  77,  69,  87,  72,  48,  99,  34,  59,  87, 108,  90,  43,  74,  79,  87,  40,  72,  23,  71,  54,  18,  51,  99,  72,  77,  17,  77,  54,  68,  50,  89,  48,  72,  44,  56,  39,  79,  59, 107, 115  ],
[69,  66,  36,  24,  76,  82,  38,  73,  75,  82,  33,  93,  57,  69,  61,  65,  65,   2,  77,  77,  82,   0,  51,  14,  50,  44,  30,  35,  65,  38,  48,  57,  83,  57,  71,  36,  29,  26,  63,  16,  42,  77,  20,  26,  21,  69,  54,  73,  10,  24,  28,  22,  45,  17,  15,  13,  50,  70,  82,  84,  28,  46,  52,  11,  34,  53,  49,  23,   9,  37,  50,  48,  19,  82,  22,  58,  31,  62,  11,  50,  65,  70,  54,  33,  42,  66,  60,  50,  85,  49,  17,  54,  29,  47,  47,  82,  48,  26,  30,  48  ],
[52,  80,  14,  37,  76,  49,  77,  85,  71,  55,  43,  96,  42,  19,  86,  88,  34,  53,  81,  91,  87,  51,   0,  37,  37,  94,  27,  27,  71,  14,  27,  64,  48,  77,  57,  36,  51,  33,  49,  41,  33,  81,  38,  36,  38,  28,  82,  61,  41,  27,  78,  28,   7,  68,  45,  57,   5,  28,  68,  93,  24,  89,   1,  46,  59,  14,  57,  48,  59,  38,  99,  45,  34,  38,  73,  86,  23,  77,  51,  32,  69,  44,  13,  79,  12,  71,  16,  32,  47,  37,  68,  87,  25,  43,  85,  63,   8,  62,  45,  37  ],
[61,  67,  23,  16,  73,  71,  47,  73,  70,  72,  28,  91,  48,  55,  65,  69,  54,  16,  75,  78,  80,  14,  37,   0,  41,  57,  19,  24,  63,  25,  37,  54,  72,  59,  64,  29,  28,  17,  55,  12,  33,  75,  14,  19,  14,  56,  59,  66,   5,  10,  41,   9,  32,  31,  14,  22,  36,  57,  75,  83,  14,  56,  39,  12,  36,  40,  46,  22,  22,  30,  63,  41,   7,  69,  36,  63,  19,  62,  17,  40,  62,  60,  41,  44,  28,  63,  47,  40,  73,  40,  30,  61,  16,  40,  55,  74,  35,  32,  26,  39  ],
[20,  44,  34,  26,  39,  34,  56,  48,  35,  33,  65,  59,   7,  42,  53,  55,  19,  51,  44,  55,  49,  50,  37,  41,   0,  81,  23,  18,  34,  30,  10,  27,  35,  44,  23,  61,  29,  24,  15,  34,   8,  44,  29,  23,  52,  29,  52,  26,  46,  38,  67,  38,  31,  64,  55,  62,  42,  31,  35,  55,  32,  68,  38,  39,  34,  50,  22,  31,  58,  63,  85,   9,  34,  42,  66,  55,  26,  42,  43,   5,  32,  21,  50,  62,  28,  34,  29,   5,  38,   1,  65,  59,  27,   8,  60,  33,  29,  43,  65,  68  ],
[96,  71,  80,  60,  89, 115,  30,  77,  91, 112,  73,  99,  86, 111,  56,  60,  99,  42,  87,  77,  89,  44,  94,  57,  81,   0,  69,  72,  77,  81,  83,  72, 116,  59,  95,  78,  52,  63,  90,  53,  76,  86,  57,  62,  64, 107,  49,  96,  55,  68,  16,  66,  88,  29,  57,  45,  94, 108, 104,  87,  70,  21,  95,  48,  49,  97,  68,  51,  38,  78,   6,  75,  60, 120,  23,  51,  72,  67,  43,  84,  79, 102,  98,  19,  84,  79, 100,  84, 119,  80,  30,  43,  70,  75,  34, 107,  90,  38,  69,  89  ],
[43,  57,  16,  10,  58,  52,  50,  62,  55,  53,  43,  78,  30,  42,  60,  63,  34,  32,  62,  68,  67,  30,  27,  19,  23,  69,   0,   5,  50,  14,  17,  42,  52,  52,  46,  40,  24,   6,  37,  16,  15,  62,  12,   9,  30,  39,  56,  49,  24,  15,  54,  16,  20,  47,  33,  41,  29,  40,  58,  72,  10,  62,  28,  22,  32,  36,  34,  21,  39,  41,  74,  25,  12,  52,  50,  60,   5,  53,  27,  21,  49,  41,  36,  53,  15,  50,  31,  21,  54,  22,  47,  60,   5,  24,  57,  56,  21,  35,  42,  47  ],
[38,  54,  18,  13,  55,  47,  52,  60,  51,  48,  47,  74,  25,  40,  59,  62,  30,  37,  58,  66,  64,  35,  27,  24,  18,  72,   5,   0,  47,  15,  13,  39,  48,  51,  41,  44,  25,   9,  32,  20,  10,  58,  16,  11,  35,  35,  55,  44,  29,  20,  57,  21,  20,  51,  38,  46,  30,  36,  53,  69,  14,  64,  28,  26,  32,  37,  31,  22,  43,  46,  77,  21,  17,  48,  54,  59,   9,  51,  30,  16,  45,  36,  38,  55,  15,  47,  28,  16,  50,  17,  51,  60,   9,  20,  58,  51,  20,  37,  47,  51  ],
[30,  12,  65,  47,  12,  53,  48,  14,  14,  46,  91,  28,  31,  76,  28,  27,  47,  65,  12,  21,  17,  65,  71,  63,  34,  77,  50,  47,   0,  62,  44,   9,  55,  20,  26,  89,  36,  48,  28,  51,  39,  12,  49,  45,  77,  60,  32,  24,  67,  64,  69,  65,  65,  73,  77,  78,  75,  62,  29,  22,  60,  58,  72,  55,  32,  83,  17,  43,  70,  91,  79,  26,  57,  69,  72,  33,  55,  13,  55,  39,   3,  42,  83,  59,  61,   1,  63,  39,  60,  35,  74,  39,  55,  28,  46,  35,  63,  44,  89,  98  ],
[48,  69,   4,  23,  69,  51,  64,  75,  64,  55,  38,  89,  36,  30,  74,  77,  34,  40,  72,  81,  78,  38,  14,  25,  30,  81,  14,  15,  62,   0,  21,  54,  51,  66,  52,  33,  38,  20,  44,  28,  23,  73,  25,  23,  29,  33,  70,  56,  29,  15,  65,  17,   7,  55,  35,  46,  15,  34,  64,  83,  11,  75,  15,  33,  46,  22,  46,  34,  47,  35,  86,  36,  20,  46,  60,  74,   9,  66,  38,  26,  60,  43,  23,  65,   4,  62,  22,  26,  51,  29,  55,  74,  11,  34,  71,  61,  10,  49,  39,  38  ],
[28,  54,  25,  25,  49,  34,  60,  58,  45,  36,  57,  69,  16,  33,  62,  64,  17,  49,  54,  65,  60,  48,  27,  37,  10,  83,  17,  13,  44,  21,   0,  37,  35,  53,  32,  53,  33,  21,  23,  32,   9,  54,  28,  22,  46,  24,  60,  35,  42,  31,  69,  32,  21,  63,  50,  59,  31,  25,  43,  66,  25,  73,  27,  38,  39,  40,  31,  33,  56,  55,  88,  18,  30,  37,  66,  63,  19,  52,  42,   6,  42,  24,  39,  65,  18,  44,  20,   6,  37,  10,  64,  66,  21,  17,  66,  40,  19,  47,  58,  59  ],
[28,  16,  57,  39,  19,  51,  43,  21,  19,  45,  82,  37,  26,  69,  29,  29,  42,  57,  21,  28,  26,  57,  64,  54,  27,  72,  42,  39,   9,  54,  37,   0,  53,  19,  25,  81,  28,  39,  25,  43,  31,  20,  40,  36,  68,  55,  30,  25,  58,  56,  63,  56,  57,  65,  68,  70,  68,  57,  32,  30,  52,  54,  64,  46,  25,  76,   9,  34,  62,  82,  74,  19,  49,  66,  65,  32,  47,  15,  47,  33,   8,  39,  76,  53,  53,   9,  57,  33,  58,  28,  66,  38,  47,  20,  42,  36,  56,  37,  81,  89  ],
[25,  67,  55,  60,  52,   2,  90,  68,  46,  11,  89,  68,  30,  37,  82,  82,  18,  84,  58,  75,  63,  83,  48,  72,  35, 116,  52,  48,  55,  51,  35,  53,   0,  72,  30,  83,  64,  56,  29,  67,  41,  59,  63,  57,  80,  20,  82,  32,  77,  65, 102,  66,  47,  98,  85,  94,  54,  21,  33,  71,  59, 103,  48,  73,  68,  61,  52,  66,  91,  85, 120,  42,  65,  18, 101,  85,  53,  68,  77,  33,  52,  15,  59,  97,  47,  54,  32,  33,   5,  36,  98,  90,  56,  42,  93,  25,  43,  78,  90,  86  ],
[48,  12,  68,  46,  31,  71,  30,  18,  34,  64,  87,  40,  44,  86,   9,  11,  61,  57,  28,  20,  30,  57,  77,  59,  44,  59,  52,  51,  20,  66,  53,  19,  72,   0,  44,  87,  31,  47,  44,  47,  45,  27,  46,  44,  73,  73,  12,  43,  62,  64,  54,  63,  71,  60,  71,  69,  81,  75,  49,  29,  61,  39,  78,  48,  23,  88,  22,  37,  60,  89,  60,  35,  55,  84,  58,  13,  58,   7,  46,  49,  23,  58,  88,  42,  66,  21,  73,  49,  77,  44,  61,  19,  56,  36,  26,  54,  70,  32,  85,  97  ],
[5,  38,  56,  48,  23,  28,  67,  39,  17,  20,  88,  41,  17,  56,  54,  53,  25,  72,  29,  46,  34,  71,  57,  64,  23,  95,  46,  41,  26,  52,  32,  25,  30,  44,   0,  85,  45,  47,   9,  55,  31,  30,  51,  45,  76,  38,  55,   4,  69,  61,  84,  62,  53,  83,  78,  84,  62,  40,  12,  42,  55,  79,  57,  60,  46,  71,  28,  49,  78,  86,  98,  23,  57,  45,  84,  57,  49,  39,  62,  26,  23,  17,  70,  76,  50,  25,  45,  26,  35,  24,  84,  63,  51,  24,  67,  12,  50,  58,  88,  91  ],
[81,  94,  29,  42,  98,  83,  74, 100,  95,  88,   8, 117,  68,  54,  93,  97,  67,  38, 101, 106, 106,  36,  36,  29,  61,  78,  40,  44,  89,  33,  53,  81,  83,  87,  85,   0,  57,  42,  76,  40,  54, 101,  41,  45,  16,  64,  87,  88,  28,  25,  63,  25,  36,  49,  22,  34,  32,  64,  96, 110,  30,  82,  37,  41,  64,  28,  72,  50,  41,   2,  84,  65,  33,  75,  55,  92,  35,  90,  45,  58,  88,  76,  30,  70,  37,  89,  52,  58,  83,  60,  48,  89,  35,  64,  83,  93,  40,  61,  11,  11  ],
[45,  38,  39,  16,  48,  63,  28,  45,  46,  60,  57,  64,  34,  64,  37,  41,  47,  29,  48,  50,  53,  29,  51,  28,  29,  52,  24,  25,  36,  38,  33,  28,  64,  31,  45,  57,   0,  18,  39,  16,  24,  48,  16,  15,  42,  56,  32,  47,  31,  33,  39,  33,  44,  38,  41,  42,  53,  58,  55,  55,  31,  40,  52,  18,   8,  60,  20,   6,  34,  58,  56,  23,  24,  69,  39,  36,  29,  34,  18,  32,  36,  50,  60,  33,  39,  37,  52,  32,  67,  28,  39,  36,  27,  23,  34,  57,  45,  14,  54,  66  ],
[44,  53,  21,   4,  57,  56,  44,  59,  54,  56,  44,  76,  31,  48,  55,  58,  38,  28,  59,  64,  65,  26,  33,  17,  24,  63,   6,   9,  48,  20,  21,  39,  56,  47,  47,  42,  18,   0,  38,  11,  16,  59,   6,   3,  30,  44,  50,  49,  22,  17,  48,  17,  26,  42,  32,  38,  35,  45,  58,  69,  13,  56,  35,  17,  26,  41,  30,  14,  35,  43,  68,  24,  10,  57,  45,  54,  11,  49,  21,  24,  46,  44,  42,  47,  22,  48,  37,  24,  59,  23,  42,  54,   9,  23,  51,  57,  28,  29,  42,  50  ],
[6,  39,  48,  40,  29,  27,  62,  42,  23,  22,  79,  48,   8,  49,  53,  54,  19,  64,  34,  49,  40,  63,  49,  55,  15,  90,  37,  32,  28,  44,  23,  25,  29,  44,   9,  76,  39,  38,   0,  47,  23,  35,  43,  37,  67,  32,  54,  12,  60,  52,  78,  53,  44,  76,  70,  76,  54,  34,  21,  47,  46,  75,  49,  52,  41,  62,  24,  42,  71,  77,  93,  16,  48,  41,  78,  56,  40,  40,  55,  17,  25,  14,  62,  71,  41,  27,  37,  17,  33,  16,  77,  61,  42,  16,  64,  19,  41,  52,  79,  82  ],
[53,  55,  28,   8,  62,  66,  37,  61,  60,  66,  40,  80,  40,  57,  53,  57,  49,  17,  64,  66,  69,  16,  41,  12,  34,  53,  16,  20,  51,  28,  32,  43,  67,  47,  55,  40,  16,  11,  47,   0,  26,  63,   4,  10,  26,  55,  47,  57,  15,  18,  38,  17,  35,  31,  25,  29,  42,  56,  66,  71,  18,  48,  43,   6,  24,  47,  34,  10,  24,  42,  58,  32,   9,  68,  34,  51,  19,  50,  11,  34,  51,  54,  48,  37,  30,  52,  47,  34,  69,  33,  31,  50,  17,  31,  45,  66,  37,  22,  38,  51  ],
[28,  47,  27,  19,  45,  40,  52,  52,  41,  40,  57,  65,  15,  41,  54,  56,  24,  44,  49,  58,  55,  42,  33,  33,   8,  76,  15,  10,  39,  23,   9,  31,  41,  45,  31,  54,  24,  16,  23,  26,   0,  49,  22,  16,  44,  32,  51,  34,  38,  30,  61,  30,  26,  57,  47,  54,  37,  34,  43,  60,  24,  65,  34,  32,  30,  45,  24,  25,  50,  55,  80,  12,  26,  45,  60,  55,  18,  44,  36,   8,  37,  28,  45,  57,  22,  38,  28,   8,  44,   7,  57,  57,  19,  11,  57,  41,  25,  38,  57,  61  ],
[35,  15,  76,  59,   7,  57,  56,  11,  13,  49, 102,  17,  40,  84,  33,  30,  54,  77,   1,  17,   6,  77,  81,  75,  44,  86,  62,  58,  12,  73,  54,  20,  59,  27,  30, 101,  48,  59,  35,  63,  49,   0,  61,  56,  88,  67,  38,  27,  78,  76,  79,  76,  75,  84,  88,  90,  85,  69,  28,  12,  71,  66,  81,  66,  43,  94,  29,  54,  82, 102,  87,  37,  69,  75,  83,  38,  66,  19,  66,  49,  13,  47,  93,  68,  71,  11,  72,  49,  64,  44,  85,  45,  66,  38,  53,  36,  73,  55, 101, 109  ],
[49,  53,  25,   3,  59,  62,  39,  59,  57,  62,  42,  77,  36,  54,  53,  56,  45,  22,  61,  64,  66,  20,  38,  14,  29,  57,  12,  16,  49,  25,  28,  40,  63,  46,  51,  41,  16,   6,  43,   4,  22,  61,   0,   6,  28,  50,  47,  53,  18,  17,  42,  17,  32,  35,  28,  33,  39,  52,  62,  70,  16,  51,  40,  10,  24,  45,  32,  10,  28,  43,  62,  28,   9,  64,  39,  52,  16,  49,  15,  30,  48,  50,  46,  41,  27,  49,  43,  30,  65,  28,  36,  51,  13,  27,  47,  62,  33,  24,  40,  51  ],
[43,  50,  24,   3,  54,  56,  41,  56,  51,  56,  46,  73,  30,  50,  52,  55,  39,  28,  57,  61,  62,  26,  36,  19,  23,  62,   9,  11,  45,  23,  22,  36,  57,  44,  45,  45,  15,   3,  37,  10,  16,  56,   6,   0,  32,  45,  47,  48,  24,  20,  47,  20,  29,  41,  33,  39,  38,  47,  57,  66,  17,  53,  37,  16,  23,  45,  28,  12,  34,  46,  66,  23,  13,  59,  44,  51,  14,  46,  20,  24,  44,  44,  45,  44,  24,  45,  39,  24,  59,  22,  42,  51,  12,  21,  48,  56,  30,  27,  45,  53  ],
[73,  81,  25,  30,  86,  79,  59,  87,  84,  82,  14, 105,  59,  57,  78,  82,  62,  23,  89,  92,  94,  21,  38,  14,  52,  64,  30,  35,  77,  29,  46,  68,  80,  73,  76,  16,  42,  30,  67,  26,  44,  88,  28,  32,   0,  62,  72,  78,  12,  15,  48,  14,  35,  35,   8,  21,  35,  63,  87,  97,  21,  67,  39,  26,  50,  35,  60,  36,  26,  16,  70,  54,  20,  74,  41,  77,  27,  76,  29,  50,  76,  70,  37,  54,  33,  77,  51,  50,  80,  51,  34,  74,  25,  53,  68,  86,  38,  45,  13,  26  ],
[33,  71,  37,  47,  61,  21,  84,  74,  55,  28,  70,  80,  29,  18,  83,  84,  13,  71,  66,  81,  72,  69,  28,  56,  29, 107,  39,  35,  60,  33,  24,  55,  20,  73,  38,  64,  56,  44,  32,  55,  32,  67,  50,  45,  62,   0,  81,  42,  61,  48,  92,  49,  28,  85,  68,  79,  34,   2,  47,  79,  43,  97,  27,  60,  62,  41,  51,  56,  77,  66, 111,  38,  50,  13,  89,  85,  38,  70,  65,  25,  57,  21,  39,  89,  29,  59,  12,  25,  19,  30,  85,  88,  40,  38,  89,  40,  24,  70,  72,  66  ],
[58,  23,  71,  48,  42,  81,  21,  28,  45,  75,  86,  50,  53,  93,   8,  12,  70,  53,  39,  28,  41,  54,  82,  59,  52,  49,  56,  55,  32,  70,  60,  30,  82,  12,  55,  87,  32,  50,  54,  47,  51,  38,  47,  47,  72,  81,   0,  54,  60,  65,  45,  64,  75,  54,  69,  65,  85,  83,  60,  38,  63,  28,  83,  47,  24,  91,  30,  37,  55,  88,  49,  43,  56,  93,  51,   4,  61,  19,  44,  57,  34,  68,  92,  33,  70,  33,  80,  57,  87,  52,  55,   8,  59,  44,  15,  66,  75,  28,  83,  98  ],
[9,  36,  60,  50,  20,  30,  67,  36,  14,  22,  91,  38,  20,  59,  52,  52,  29,  74,  26,  43,  31,  73,  61,  66,  26,  96,  49,  44,  24,  56,  35,  25,  32,  43,   4,  88,  47,  49,  12,  57,  34,  27,  53,  48,  78,  42,  54,   0,  71,  64,  85,  65,  56,  85,  81,  86,  66,  44,   9,  39,  58,  79,  61,  62,  47,  74,  28,  51,  80,  89,  98,  25,  59,  48,  86,  56,  52,  37,  64,  30,  21,  21,  74,  77,  53,  23,  48,  30,  37,  27,  86,  62,  53,  26,  67,  11,  53,  59,  91,  94  ],
[66,  70,  27,  21,  77,  76,  47,  76,  75,  78,  26,  95,  53,  59,  67,  71,  59,  13,  79,  81,  84,  10,  41,   5,  46,  55,  24,  29,  67,  29,  42,  58,  77,  62,  69,  28,  31,  22,  60,  15,  38,  78,  18,  24,  12,  61,  60,  71,   0,  14,  39,  13,  36,  27,  10,  17,  40,  62,  80,  87,  19,  55,  43,  14,  38,  42,  50,  25,  18,  28,  60,  46,  12,  74,  32,  65,  24,  65,  17,  45,  66,  65,  44,  43,  33,  67,  51,  45,  78,  45,  27,  62,  21,  45,  56,  79,  39,  33,  23,  38  ],
[58,  70,  13,  18,  73,  64,  55,  76,  70,  67,  27,  92,  45,  45,  70,  74,  47,  26,  76,  81,  82,  24,  27,  10,  38,  68,  15,  20,  64,  15,  31,  56,  65,  64,  61,  25,  33,  17,  52,  18,  30,  76,  17,  20,  15,  48,  65,  64,  14,   0,  51,   1,  22,  41,  20,  31,  26,  49,  73,  86,   6,  65,  28,  21,  41,  30,  47,  28,  32,  26,  73,  40,   9,  61,  46,  69,  12,  66,  26,  36,  63,  55,  31,  54,  19,  65,  38,  36,  66,  37,  41,  68,  10,  39,  63,  71,  25,  40,  27,  34  ],
[84,  65,  64,  45,  81, 101,  24,  72,  82,  99,  58,  94,  73,  95,  53,  57,  85,  26,  80,  73,  83,  28,  78,  41,  67,  16,  54,  57,  69,  65,  69,  63, 102,  54,  84,  63,  39,  48,  78,  38,  61,  79,  42,  47,  48,  92,  45,  85,  39,  51,   0,  50,  72,  14,  41,  30,  77,  93,  93,  82,  54,  23,  79,  32,  38,  81,  57,  37,  22,  63,  22,  62,  44, 105,   9,  48,  57,  60,  27,  69,  70,  88,  82,  13,  68,  70,  85,  69, 105,  67,  16,  42,  54,  62,  32,  96,  74,  26,  54,  74  ],
[58,  70,  14,  18,  73,  66,  54,  76,  70,  68,  27,  93,  45,  47,  70,  73,  48,  25,  76,  81,  82,  22,  28,   9,  38,  66,  16,  21,  65,  17,  32,  56,  66,  63,  62,  25,  33,  17,  53,  17,  30,  76,  17,  20,  14,  49,  64,  65,  13,   1,  50,   0,  23,  39,  19,  30,  27,  50,  73,  86,   7,  64,  30,  20,  41,  31,  47,  27,  31,  26,  72,  41,   9,  62,  44,  69,  13,  66,  25,  36,  63,  56,  32,  53,  21,  65,  39,  36,  67,  37,  39,  67,  11,  39,  63,  71,  27,  39,  26,  34  ],
[48,  73,   9,  30,  71,  47,  71,  78,  66,  52,  42,  91,  37,  23,  79,  82,  32,  48,  75,  85,  81,  45,   7,  32,  31,  88,  20,  20,  65,   7,  21,  57,  47,  71,  53,  36,  44,  26,  44,  35,  26,  75,  32,  29,  35,  28,  75,  56,  36,  22,  72,  23,   0,  62,  41,  53,  10,  28,  64,  86,  18,  82,   8,  40,  52,  19,  50,  41,  54,  38,  93,  38,  27,  40,  67,  79,  16,  71,  45,  27,  63,  41,  18,  72,   5,  64,  16,  27,  47,  31,  62,  80,  18,  37,  78,  60,   4,  56,  44,  39  ],
[82,  71,  53,  38,  84,  97,  34,  78,  84,  96,  44,  99,  70,  86,  61,  66,  80,  15,  84,  80,  88,  17,  68,  31,  64,  29,  47,  51,  73,  55,  63,  65,  98,  60,  83,  49,  38,  42,  76,  31,  57,  84,  35,  41,  35,  85,  54,  85,  27,  41,  14,  39,  62,   0,  27,  16,  67,  86,  94,  89,  45,  37,  69,  25,  40,  69,  58,  34,   9,  49,  35,  60,  35,  99,   6,  58,  48,  66,  21,  65,  73,  85,  71,  24,  59,  74,  76,  65, 100,  63,   1,  52,  45,  60,  43,  95,  65,  29,  40,  60  ],
[75,  79,  32,  30,  87,  84,  53,  86,  85,  86,  18, 105,  62,  64,  75,  79,  67,  17,  89,  90,  94,  15,  45,  14,  55,  57,  33,  38,  77,  35,  50,  68,  85,  71,  78,  22,  41,  32,  70,  25,  47,  88,  28,  33,   8,  68,  69,  81,  10,  20,  41,  19,  41,  27,   0,  13,  42,  69,  90,  96,  26,  60,  46,  23,  47,  43,  59,  34,  19,  22,  63,  56,  21,  81,  33,  73,  31,  75,  25,  54,  76,  74,  45,  48,  39,  77,  57,  54,  86,  54,  27,  69,  29,  55,  63,  88,  45,  41,  15,  33  ],
[82,  79,  44,  36,  90,  93,  47,  86,  88,  94,  28, 106,  69,  76,  72,  77,  76,  13,  90,  89,  95,  13,  57,  22,  62,  45,  41,  46,  78,  46,  59,  70,  94,  69,  84,  34,  42,  38,  76,  29,  54,  90,  33,  39,  21,  79,  65,  86,  17,  31,  30,  30,  53,  16,  13,   0,  55,  80,  95,  97,  36,  52,  59,  24,  47,  56,  62,  36,  10,  33,  51,  61,  29,  92,  22,  69,  41,  74,  24,  62,  78,  82,  58,  39,  50,  79,  69,  62,  96,  61,  15,  65,  39,  60,  57,  95,  56,  38,  24,  44  ],
[57,  83,  14,  38,  81,  54,  79,  89,  76,  60,  39, 101,  47,  22,  89,  91,  40,  52,  85,  95,  91,  50,   5,  36,  42,  94,  29,  30,  75,  15,  31,  68,  54,  81,  62,  32,  53,  35,  54,  42,  37,  85,  39,  38,  35,  34,  85,  66,  40,  26,  77,  27,  10,  67,  42,  55,   0,  33,  73,  97,  24,  90,   6,  46,  61,   8,  60,  49,  58,  34,  99,  49,  34,  43,  72,  89,  24,  81,  52,  37,  73,  50,   8,  79,  15,  75,  22,  37,  53,  41,  66,  89,  26,  47,  86,  69,  13,  64,  41,  32  ],
[35,  73,  37,  49,  63,  22,  86,  76,  57,  30,  70,  82,  31,  17,  85,  86,  15,  72,  68,  83,  74,  70,  28,  57,  31, 108,  40,  36,  62,  34,  25,  57,  21,  75,  40,  64,  58,  45,  34,  56,  34,  69,  52,  47,  63,   2,  83,  44,  62,  49,  93,  50,  28,  86,  69,  80,  33,   0,  48,  81,  43,  98,  27,  62,  64,  40,  53,  58,  78,  66, 113,  40,  51,  12,  90,  87,  39,  72,  67,  27,  59,  23,  39,  91,  30,  61,  12,  27,  19,  32,  87,  90,  41,  40,  90,  42,  25,  72,  72,  65  ],
[16,  40,  68,  60,  21,  31,  74,  39,  16,  22, 100,  35,  28,  65,  57,  56,  35,  83,  27,  45,  31,  82,  68,  75,  35, 104,  58,  53,  29,  64,  43,  32,  33,  49,  12,  96,  55,  58,  21,  66,  43,  28,  62,  57,  87,  47,  60,   9,  80,  73,  93,  73,  64,  94,  90,  95,  73,  48,   0,  39,  67,  86,  68,  71,  55,  82,  36,  60,  89,  98, 106,  34,  68,  51,  94,  62,  61,  42,  73,  38,  26,  25,  81,  85,  61,  28,  55,  38,  38,  36,  94,  68,  62,  35,  74,   8,  61,  67, 100, 102  ],
[47,  17,  87,  68,  19,  69,  58,  11,  25,  60, 111,  12,  52,  96,  31,  27,  66,  84,  13,  10,   8,  84,  93,  83,  55,  87,  72,  69,  22,  83,  66,  30,  71,  29,  42, 110,  55,  69,  47,  71,  60,  12,  70,  66,  97,  79,  38,  39,  87,  86,  82,  86,  86,  89,  96,  97,  97,  81,  39,   0,  81,  66,  93,  74,  50, 105,  38,  62,  88, 112,  87,  48,  78,  87,  87,  36,  77,  22,  73,  60,  24,  59, 105,  70,  82,  22,  83,  60,  76,  56,  90,  44,  77,  49,  53,  47,  85,  60, 110, 119  ],
[52,  66,   9,  16,  68,  59,  55,  72,  65,  61,  33,  88,  39,  41,  68,  71,  41,  30,  72,  78,  77,  28,  24,  14,  32,  70,  10,  14,  60,  11,  25,  52,  59,  61,  55,  30,  31,  13,  46,  18,  24,  71,  16,  17,  21,  43,  63,  58,  19,   6,  54,   7,  18,  45,  26,  36,  24,  43,  67,  81,   0,  66,  25,  22,  39,  29,  43,  26,  36,  31,  76,  35,  10,  55,  49,  67,   6,  62,  28,  30,  59,  49,  30,  55,  14,  60,  32,  30,  60,  31,  45,  67,   5,  34,  63,  65,  21,  40,  33,  37  ],
[80,  51,  76,  52,  70, 101,  13,  57,  72,  97,  78,  78,  72, 104,  35,  39,  87,  44,  67,  56,  69,  46,  89,  56,  68,  21,  62,  64,  58,  75,  73,  54, 103,  39,  79,  82,  40,  56,  75,  48,  65,  66,  51,  53,  67,  97,  28,  79,  55,  65,  23,  64,  82,  37,  60,  52,  90,  98,  86,  66,  66,   0,  90,  44,  35,  95,  51,  42,  42,  82,  21,  61,  57, 110,  32,  30,  66,  47,  39,  72,  60,  88,  96,  13,  77,  60,  92,  72, 106,  68,  38,  22,  64,  61,  13,  90,  83,  27,  75,  93  ],
[52,  80,  16,  38,  77,  48,  79,  85,  72,  54,  44,  97,  42,  17,  87,  89,  34,  54,  81,  92,  87,  52,   1,  39,  38,  95,  28,  28,  72,  15,  27,  64,  48,  78,  57,  37,  52,  35,  49,  43,  34,  81,  40,  37,  39,  27,  83,  61,  43,  28,  79,  30,   8,  69,  46,  59,   6,  27,  68,  93,  25,  90,   0,  47,  60,  14,  57,  49,  60,  39, 101,  45,  35,  37,  74,  87,  24,  78,  53,  33,  69,  44,  13,  80,  13,  71,  16,  33,  47,  37,  69,  88,  26,  44,  86,  63,   9,  64,  46,  38  ],
[58,  57,  32,  13,  65,  72,  34,  63,  64,  72,  39,  83,  46,  63,  53,  57,  55,  12,  67,  67,  72,  11,  46,  12,  39,  48,  22,  26,  55,  33,  38,  46,  73,  48,  60,  41,  18,  17,  52,   6,  32,  66,  10,  16,  26,  60,  47,  62,  14,  21,  32,  20,  40,  25,  23,  24,  46,  62,  71,  74,  22,  44,  47,   0,  25,  51,  38,  12,  18,  42,  53,  37,  13,  74,  28,  51,  24,  52,   5,  40,  54,  60,  52,  33,  36,  55,  52,  40,  75,  38,  25,  48,  22,  36,  43,  71,  42,  20,  37,  51  ],
[47,  32,  48,  24,  44,  66,  22,  39,  44,  63,  64,  59,  37,  71,  29,  33,  52,  34,  44,  43,  48,  34,  59,  36,  34,  49,  32,  32,  32,  46,  39,  25,  68,  23,  46,  64,   8,  26,  41,  24,  30,  43,  24,  23,  50,  62,  24,  47,  38,  41,  38,  41,  52,  40,  47,  47,  61,  64,  55,  50,  39,  35,  60,  25,   0,  68,  19,  14,  38,  65,  52,  26,  32,  75,  40,  28,  37,  27,  23,  37,  33,  53,  68,  30,  47,  33,  59,  37,  72,  33,  41,  28,  36,  26,  27,  58,  52,  12,  62,  74  ],
[66,  91,  20,  44,  89,  62,  84,  97,  85,  68,  36, 109,  55,  27,  96,  99,  48,  55,  93, 103,  99,  53,  14,  40,  50,  97,  36,  37,  83,  22,  40,  76,  61,  88,  71,  28,  60,  41,  62,  47,  45,  94,  45,  45,  35,  41,  91,  74,  42,  30,  81,  31,  19,  69,  43,  56,   8,  40,  82, 105,  29,  95,  14,  51,  68,   0,  68,  55,  60,  30, 102,  57,  38,  49,  74,  96,  31,  88,  56,  45,  81,  58,   2,  84,  23,  83,  29,  45,  60,  49,  68,  96,  32,  56,  92,  77,  21,  69,  39,  26  ],
[29,  23,  49,  30,  28,  51,  39,  29,  26,  46,  74,  45,  23,  64,  31,  33,  39,  49,  29,  35,  34,  49,  57,  46,  22,  68,  34,  31,  17,  46,  31,   9,  52,  22,  28,  72,  20,  30,  24,  34,  24,  29,  32,  28,  60,  51,  30,  28,  50,  47,  57,  47,  50,  58,  59,  62,  60,  53,  36,  38,  43,  51,  57,  38,  19,  68,   0,  26,  55,  74,  70,  13,  40,  63,  58,  34,  39,  21,  39,  27,  17,  37,  68,  48,  45,  17,  51,  27,  57,  22,  59,  38,  38,  14,  40,  39,  49,  31,  72,  81  ],
[49,  45,  35,  11,  53,  65,  30,  51,  52,  63,  50,  71,  37,  62,  43,  47,  48,  23,  55,  56,  59,  23,  48,  22,  31,  51,  21,  22,  43,  34,  33,  34,  66,  37,  49,  50,   6,  14,  42,  10,  25,  54,  10,  12,  36,  56,  37,  51,  25,  28,  37,  27,  41,  34,  34,  36,  49,  58,  60,  62,  26,  42,  49,  12,  14,  55,  26,   0,  29,  52,  55,  27,  18,  69,  35,  42,  25,  40,  13,  33,  42,  52,  56,  33,  36,  43,  50,  33,  69,  30,  35,  41,  23,  26,  37,  61,  42,  15,  48,  60  ],
[77,  70,  45,  32,  82,  90,  37,  77,  81,  90,  36,  98,  64,  77,  63,  67,  73,   7,  82,  80,  87,   9,  59,  22,  58,  38,  39,  43,  70,  47,  56,  62,  91,  60,  78,  41,  34,  35,  71,  24,  50,  82,  28,  34,  26,  77,  55,  80,  18,  32,  22,  31,  54,   9,  19,  10,  58,  78,  89,  88,  36,  42,  60,  18,  38,  60,  55,  29,   0,  41,  44,  55,  27,  91,  15,  59,  40,  65,  16,  58,  71,  78,  62,  30,  50,  71,  68,  58,  93,  57,   9,  55,  37,  54,  47,  90,  57,  28,  33,  52  ],
[83,  96,  31,  44, 100,  85,  75, 102,  96,  90,   6, 119,  70,  56,  94,  98,  69,  39, 102, 107, 108,  37,  38,  30,  63,  78,  41,  46,  91,  35,  55,  82,  85,  89,  86,   2,  58,  43,  77,  42,  55, 102,  43,  46,  16,  66,  88,  89,  28,  26,  63,  26,  38,  49,  22,  33,  34,  66,  98, 112,  31,  82,  39,  42,  65,  30,  74,  52,  41,   0,  84,  67,  34,  77,  55,  93,  37,  91,  45,  60,  90,  78,  32,  70,  39,  91,  54,  60,  85,  62,  48,  90,  36,  65,  84,  95,  42,  61,  10,  11  ],
[99,  72,  85,  65,  91, 119,  32,  78,  93, 115,  79, 100,  90, 116,  56,  60, 103,  48,  88,  77,  90,  50,  99,  63,  85,   6,  74,  77,  79,  86,  88,  74, 120,  60,  98,  84,  56,  68,  93,  58,  80,  87,  62,  66,  70, 111,  49,  98,  60,  73,  22,  72,  93,  35,  63,  51,  99, 113, 106,  87,  76,  21, 101,  53,  52, 102,  70,  55,  44,  84,   0,  78,  66, 125,  29,  51,  78,  68,  48,  88,  81, 105, 104,  23,  89,  80, 105,  88, 123,  84,  36,  43,  75,  78,  34, 110,  95,  42,  75,  95  ],
[22,  35,  39,  25,  33,  40,  48,  40,  30,  37,  68,  53,  11,  51,  44,  46,  27,  49,  37,  46,  43,  48,  45,  41,   9,  75,  25,  21,  26,  36,  18,  19,  42,  35,  23,  65,  23,  24,  16,  32,  12,  37,  28,  23,  54,  38,  43,  25,  46,  40,  62,  41,  38,  60,  56,  61,  49,  40,  34,  48,  35,  61,  45,  37,  26,  57,  13,  27,  55,  67,  78,   0,  35,  50,  62,  46,  30,  33,  39,  14,  24,  27,  57,  56,  34,  26,  38,  14,  45,   9,  61,  50,  30,   1,  51,  34,  37,  37,  67,  72  ],
[54,  62,  19,  10,  67,  64,  46,  68,  64,  65,  34,  85,  41,  51,  61,  65,  47,  21,  69,  73,  74,  19,  34,   7,  34,  60,  12,  17,  57,  20,  30,  49,  65,  55,  57,  33,  24,  10,  48,   9,  26,  69,   9,  13,  20,  50,  56,  59,  12,   9,  44,   9,  27,  35,  21,  29,  34,  51,  68,  78,  10,  57,  35,  13,  32,  38,  40,  18,  27,  34,  66,  35,   0,  64,  40,  60,  13,  57,  18,  33,  56,  53,  39,  46,  23,  57,  41,  33,  66,  33,  35,  59,  10,  34,  54,  67,  30,  31,  32,  42  ],
[40,  81,  49,  61,  68,  20,  97,  83,  62,  30,  81,  86,  40,  23,  94,  95,  23,  84,  74,  90,  79,  82,  38,  69,  42, 120,  52,  48,  69,  46,  37,  66,  18,  84,  45,  75,  69,  57,  41,  68,  45,  75,  64,  59,  74,  13,  93,  48,  74,  61, 105,  62,  40,  99,  81,  92,  43,  12,  51,  87,  55, 110,  37,  74,  75,  49,  63,  69,  91,  77, 125,  50,  64,   0, 102,  96,  51,  81,  79,  38,  66,  28,  47, 102,  42,  68,  23,  38,  14,  42,  99, 100,  54,  50, 101,  43,  36,  83,  83,  75  ],
[84,  70,  58,  42,  84, 100,  31,  76,  84,  99,  50,  98,  72,  90,  59,  63,  83,  20,  83,  78,  87,  22,  73,  36,  66,  23,  50,  54,  72,  60,  66,  65, 101,  58,  84,  55,  39,  45,  78,  34,  60,  83,  39,  44,  41,  89,  51,  86,  32,  46,   9,  44,  67,   6,  33,  22,  72,  90,  94,  87,  49,  32,  74,  28,  40,  74,  58,  35,  15,  55,  29,  62,  40, 102,   0,  55,  52,  65,  24,  68,  73,  87,  76,  20,  63,  73,  81,  68, 103,  65,   7,  48,  50,  61,  39,  96,  70,  28,  46,  66  ],
[60,  23,  76,  52,  43,  83,  24,  27,  46,  77,  90,  49,  56,  96,   5,   9,  73,  57,  39,  26,  40,  58,  86,  63,  55,  51,  60,  59,  33,  74,  63,  32,  85,  13,  57,  92,  36,  54,  56,  51,  55,  38,  52,  51,  77,  85,   4,  56,  65,  69,  48,  69,  79,  58,  73,  69,  89,  87,  62,  36,  67,  30,  87,  51,  28,  96,  34,  42,  59,  93,  51,  46,  60,  96,  55,   0,  65,  19,  48,  60,  35,  70,  96,  36,  74,  34,  83,  60,  89,  55,  59,   8,  64,  47,  17,  67,  79,  32,  88, 102  ],
[46,  62,  10,  14,  63,  53,  55,  68,  59,  55,  39,  83,  33,  38,  65,  68,  35,  33,  66,  74,  72,  31,  23,  19,  26,  72,   5,   9,  55,   9,  19,  47,  53,  58,  49,  35,  29,  11,  40,  19,  18,  66,  16,  14,  27,  38,  61,  52,  24,  12,  57,  13,  16,  48,  31,  41,  24,  39,  61,  77,   6,  66,  24,  24,  37,  31,  39,  25,  40,  37,  78,  30,  13,  51,  52,  65,   0,  59,  30,  24,  54,  43,  31,  56,  11,  55,  28,  24,  54,  25,  48,  65,   3,  28,  62,  59,  17,  40,  39,  43  ],
[43,   5,  69,  48,  24,  66,  37,  12,  27,  59,  91,  33,  41,  84,  15,  14,  58,  61,  21,  16,  23,  62,  77,  62,  42,  67,  53,  51,  13,  66,  52,  15,  68,   7,  39,  90,  34,  49,  40,  50,  44,  19,  49,  46,  76,  70,  19,  37,  65,  66,  60,  66,  71,  66,  75,  74,  81,  72,  42,  22,  62,  47,  78,  52,  27,  88,  21,  40,  65,  91,  68,  33,  57,  81,  65,  19,  59,   0,  51,  47,  16,  53,  89,  49,  66,  15,  71,  47,  72,  42,  67,  26,  58,  34,  34,  48,  69,  37,  88,  99  ],
[61,  56,  37,  18,  66,  76,  30,  62,  65,  75,  43,  82,  49,  68,  50,  54,  59,  11,  67,  66,  71,  11,  51,  17,  43,  43,  27,  30,  55,  38,  42,  47,  77,  46,  62,  45,  18,  21,  55,  11,  36,  66,  15,  20,  29,  65,  44,  64,  17,  26,  27,  25,  45,  21,  25,  24,  52,  67,  73,  73,  28,  39,  53,   5,  23,  56,  39,  13,  16,  45,  48,  39,  18,  79,  24,  48,  30,  51,   0,  44,  55,  64,  57,  28,  41,  55,  57,  44,  79,  42,  22,  45,  27,  39,  39,  74,  47,  16,  40,  55  ],
[22,  49,  30,  27,  44,  32,  59,  53,  39,  32,  62,  64,  10,  37,  58,  60,  16,  52,  48,  60,  54,  50,  32,  40,   5,  84,  21,  16,  39,  26,   6,  33,  33,  49,  26,  58,  32,  24,  17,  34,   8,  49,  30,  24,  50,  25,  57,  30,  45,  36,  69,  36,  27,  65,  54,  62,  37,  27,  38,  60,  30,  72,  33,  40,  37,  45,  27,  33,  58,  60,  88,  14,  33,  38,  68,  60,  24,  47,  44,   0,  37,  20,  45,  65,  23,  39,  24,   0,  36,   5,  65,  63,  25,  13,  64,  35,  24,  46,  62,  64  ],
[27,  15,  63,  46,  11,  50,  49,  17,  12,  43,  90,  29,  29,  73,  31,  31,  44,  66,  13,  24,  18,  65,  69,  62,  32,  79,  49,  45,   3,  60,  42,   8,  52,  23,  23,  88,  36,  46,  25,  51,  37,  13,  48,  44,  76,  57,  34,  21,  66,  63,  70,  63,  63,  73,  76,  78,  73,  59,  26,  24,  59,  60,  69,  54,  33,  81,  17,  42,  71,  90,  81,  24,  56,  66,  73,  35,  54,  16,  55,  37,   0,  38,  81,  60,  59,   2,  60,  37,  57,  32,  74,  42,  54,  26,  48,  32,  61,  45,  89,  96  ],
[12,  53,  47,  47,  40,  13,  75,  55,  34,  12,  81,  59,  16,  40,  67,  68,  10,  72,  46,  62,  51,  70,  44,  60,  21, 102,  41,  36,  42,  43,  24,  39,  15,  58,  17,  76,  50,  44,  14,  54,  28,  47,  50,  44,  70,  21,  68,  21,  65,  55,  88,  56,  41,  85,  74,  82,  50,  23,  25,  59,  49,  88,  44,  60,  53,  58,  37,  52,  78,  78, 105,  27,  53,  28,  87,  70,  43,  53,  64,  20,  38,   0,  57,  83,  40,  40,  30,  20,  19,  22,  85,  75,  45,  27,  78,  19,  38,  64,  81,  80  ],
[65,  91,  21,  45,  89,  60,  85,  97,  84,  67,  38, 109,  55,  25,  96,  99,  47,  56,  93, 103,  99,  54,  13,  41,  50,  98,  36,  38,  83,  23,  39,  76,  59,  88,  70,  30,  60,  42,  62,  48,  45,  93,  46,  45,  37,  39,  92,  74,  44,  31,  82,  32,  18,  71,  45,  58,   8,  39,  81, 105,  30,  96,  13,  52,  68,   2,  68,  56,  62,  32, 104,  57,  39,  47,  76,  96,  31,  89,  57,  45,  81,  57,   0,  85,  23,  83,  28,  45,  58,  49,  70,  96,  33,  55,  93,  76,  21,  70,  41,  28  ],
[77,  54,  65,  43,  71,  96,  12,  60,  72,  93,  66,  82,  67,  94,  41,  45,  81,  31,  69,  61,  72,  33,  79,  44,  62,  19,  53,  55,  59,  65,  65,  53,  97,  42,  76,  70,  33,  47,  71,  37,  57,  68,  41,  44,  54,  89,  33,  77,  43,  54,  13,  53,  72,  24,  48,  39,  79,  91,  85,  70,  55,  13,  80,  33,  30,  84,  48,  33,  30,  70,  23,  56,  46, 102,  20,  36,  56,  49,  28,  65,  60,  83,  85,   0,  68,  60,  83,  65, 100,  62,  26,  29,  54,  56,  20,  88,  74,  19,  62,  81  ],
[45,  69,   8,  25,  67,  47,  66,  74,  62,  51,  42,  87,  33,  27,  74,  77,  30,  44,  71,  80,  77,  42,  12,  28,  28,  84,  15,  15,  61,   4,  18,  53,  47,  66,  50,  37,  39,  22,  41,  30,  22,  71,  27,  24,  33,  29,  70,  53,  33,  19,  68,  21,   5,  59,  39,  50,  15,  30,  61,  82,  14,  77,  13,  36,  47,  23,  45,  36,  50,  39,  89,  34,  23,  42,  63,  74,  11,  66,  41,  23,  59,  40,  23,  68,   0,  60,  18,  23,  47,  27,  59,  75,  14,  33,  73,  57,   6,  51,  43,  41  ],
[29,  13,  65,  47,  11,  52,  49,  15,  13,  45,  91,  28,  31,  75,  30,  29,  46,  66,  12,  22,  17,  66,  71,  63,  34,  79,  50,  47,   1,  62,  44,   9,  54,  21,  25,  89,  37,  48,  27,  52,  38,  11,  49,  45,  77,  59,  33,  23,  67,  65,  70,  65,  64,  74,  77,  79,  75,  61,  28,  22,  60,  60,  71,  55,  33,  83,  17,  43,  71,  91,  80,  26,  57,  68,  73,  34,  55,  15,  55,  39,   2,  40,  83,  60,  60,   0,  62,  39,  59,  34,  75,  41,  55,  27,  47,  34,  63,  45,  90,  98  ],
[39,  73,  26,  40,  66,  33,  79,  77,  60,  39,  58,  85,  32,  13,  82,  84,  20,  62,  71,  84,  77,  60,  16,  47,  29, 100,  31,  28,  63,  22,  20,  57,  32,  73,  45,  52,  52,  37,  37,  47,  28,  72,  43,  39,  51,  12,  80,  48,  51,  38,  85,  39,  16,  76,  57,  69,  22,  12,  55,  83,  32,  92,  16,  52,  59,  29,  51,  50,  68,  54, 105,  38,  41,  23,  81,  83,  28,  71,  57,  24,  60,  30,  28,  83,  18,  62,   0,  24,  31,  29,  77,  86,  31,  37,  85,  49,  13,  65,  60,  54  ],
[22,  49,  30,  27,  44,  32,  59,  53,  39,  32,  62,  64,  10,  37,  58,  60,  16,  52,  48,  60,  54,  50,  32,  40,   5,  84,  21,  16,  39,  26,   6,  33,  33,  49,  26,  58,  32,  24,  17,  34,   8,  49,  30,  24,  50,  25,  57,  30,  45,  36,  69,  36,  27,  65,  54,  62,  37,  27,  38,  60,  30,  72,  33,  40,  37,  45,  27,  33,  58,  60,  88,  14,  33,  38,  68,  60,  24,  47,  44,   0,  37,  20,  45,  65,  23,  39,  24,   0,  36,   5,  65,  63,  25,  13,  64,  35,  24,  46,  62,  64  ],
[30,  72,  55,  62,  57,   7,  94,  73,  51,  16,  89,  73,  34,  35,  86,  87,  20,  86,  63,  80,  68,  85,  47,  73,  38, 119,  54,  50,  60,  51,  37,  58,   5,  77,  35,  83,  67,  59,  33,  69,  44,  64,  65,  59,  80,  19,  87,  37,  78,  66, 105,  67,  47, 100,  86,  96,  53,  19,  38,  76,  60, 106,  47,  75,  72,  60,  57,  69,  93,  85, 123,  45,  66,  14, 103,  89,  54,  72,  79,  36,  57,  19,  58, 100,  47,  59,  31,  36,   0,  39, 101,  94,  57,  45,  97,  30,  43,  81,  90,  85  ],
[21,  44,  33,  25,  40,  35,  55,  48,  35,  34,  64,  60,   8,  42,  53,  55,  19,  50,  44,  55,  50,  49,  37,  40,   1,  80,  22,  17,  35,  29,  10,  28,  36,  44,  24,  60,  28,  23,  16,  33,   7,  44,  28,  22,  51,  30,  52,  27,  45,  37,  67,  37,  31,  63,  54,  61,  41,  32,  36,  56,  31,  68,  37,  38,  33,  49,  22,  30,  57,  62,  84,   9,  33,  42,  65,  55,  25,  42,  42,   5,  32,  22,  49,  62,  27,  34,  29,   5,  39,   0,  64,  58,  26,   8,  59,  34,  29,  42,  64,  67  ],
[83,  72,  53,  39,  86,  98,  35,  79,  85,  97,  43, 100,  71,  86,  63,  67,  80,  15,  86,  82,  89,  17,  68,  30,  65,  30,  47,  51,  74,  55,  64,  66,  98,  61,  84,  48,  39,  42,  77,  31,  57,  85,  36,  42,  34,  85,  55,  86,  27,  41,  16,  39,  62,   1,  27,  15,  66,  87,  94,  90,  45,  38,  69,  25,  41,  68,  59,  35,   9,  48,  36,  61,  35,  99,   7,  59,  48,  67,  22,  65,  74,  85,  70,  26,  59,  75,  77,  65, 101,  64,   0,  53,  45,  60,  45,  96,  65,  30,  39,  59  ],
[66,  30,  75,  51,  50,  88,  18,  35,  53,  83,  87,  57,  60,  98,  13,  17,  77,  53,  47,  34,  48,  54,  87,  61,  59,  43,  60,  60,  39,  74,  66,  38,  90,  19,  63,  89,  36,  54,  61,  50,  57,  45,  51,  51,  74,  88,   8,  62,  62,  68,  42,  67,  80,  52,  69,  65,  89,  90,  68,  44,  67,  22,  88,  48,  28,  96,  38,  41,  55,  90,  43,  50,  59, 100,  48,   8,  65,  26,  45,  63,  42,  75,  96,  29,  75,  41,  86,  63,  94,  58,  53,   0,  63,  50,   9,  74,  80,  29,  84, 100  ],
[47,  61,  12,  12,  63,  55,  53,  67,  60,  57,  38,  83,  34,  41,  64,  67,  38,  31,  67,  73,  72,  29,  25,  16,  27,  70,   5,   9,  55,  11,  21,  47,  56,  56,  51,  35,  27,   9,  42,  17,  19,  66,  13,  12,  25,  40,  59,  53,  21,  10,  54,  11,  18,  45,  29,  39,  26,  41,  62,  77,   5,  64,  26,  22,  36,  32,  38,  23,  37,  36,  75,  30,  10,  54,  50,  64,   3,  58,  27,  25,  54,  45,  33,  54,  14,  55,  31,  25,  57,  26,  45,  63,   0,  29,  60,  60,  20,  37,  37,  42  ],
[23,  36,  38,  24,  35,  40,  48,  41,  31,  38,  66,  54,  11,  50,  45,  47,  26,  48,  38,  48,  44,  47,  43,  40,   8,  75,  24,  20,  28,  34,  17,  20,  42,  36,  24,  64,  23,  23,  16,  31,  11,  38,  27,  21,  53,  38,  44,  26,  45,  39,  62,  39,  37,  60,  55,  60,  47,  40,  35,  49,  34,  61,  44,  36,  26,  56,  14,  26,  54,  65,  78,   1,  34,  50,  61,  47,  28,  34,  39,  13,  26,  27,  55,  56,  33,  27,  37,  13,  45,   8,  60,  50,  29,   0,  52,  35,  35,  37,  65,  71  ],
[69,  38,  72,  48,  57,  91,   9,  43,  59,  86,  81,  65,  62,  98,  22,  26,  78,  46,  54,  43,  56,  47,  85,  55,  60,  34,  57,  58,  46,  71,  66,  42,  93,  26,  67,  83,  34,  51,  64,  45,  57,  53,  47,  48,  68,  89,  15,  67,  56,  63,  32,  63,  78,  43,  63,  57,  86,  90,  74,  53,  63,  13,  86,  43,  27,  92,  40,  37,  47,  84,  34,  51,  54, 101,  39,  17,  62,  34,  39,  64,  48,  78,  93,  20,  73,  47,  85,  64,  97,  59,  45,   9,  60,  52,   0,  78,  78,  23,  77,  94  ],
[13,  46,  65,  59,  28,  24,  78,  46,  23,  14,  98,  43,  26,  58,  63,  62,  29,  83,  34,  53,  39,  82,  63,  74,  33, 107,  56,  51,  35,  61,  40,  36,  25,  54,  12,  93,  57,  57,  19,  66,  41,  36,  62,  56,  86,  40,  66,  11,  79,  71,  96,  71,  60,  95,  88,  95,  69,  42,   8,  47,  65,  90,  63,  71,  58,  77,  39,  61,  90,  95, 110,  34,  67,  43,  96,  67,  59,  48,  74,  35,  32,  19,  76,  88,  57,  34,  49,  35,  30,  34,  96,  74,  60,  35,  78,   0,  56,  70,  98,  98  ],
[45,  72,  13,  31,  68,  43,  72,  77,  63,  48,  46,  88,  34,  21,  78,  81,  28,  50,  73,  83,  79,  48,   8,  35,  29,  90,  21,  20,  63,  10,  19,  56,  43,  70,  50,  40,  45,  28,  41,  37,  25,  73,  33,  30,  38,  24,  75,  53,  39,  25,  74,  27,   4,  65,  45,  56,  13,  25,  61,  85,  21,  83,   9,  42,  52,  21,  49,  42,  57,  42,  95,  37,  30,  36,  70,  79,  17,  69,  47,  24,  61,  38,  21,  74,   6,  63,  13,  24,  43,  29,  65,  80,  20,  35,  78,  56,   0,  57,  48,  43  ],
[58,  42,  49,  26,  56,  77,  15,  49,  56,  74,  59,  70,  48,  77,  35,  39,  62,  25,  56,  52,  59,  26,  62,  32,  43,  38,  35,  37,  44,  49,  47,  37,  78,  32,  58,  61,  14,  29,  52,  22,  38,  55,  24,  27,  45,  70,  28,  59,  33,  40,  26,  39,  56,  29,  41,  38,  64,  72,  67,  60,  40,  27,  64,  20,  12,  69,  31,  15,  28,  61,  42,  37,  31,  83,  28,  32,  40,  37,  16,  46,  45,  64,  70,  19,  51,  45,  65,  46,  81,  42,  30,  29,  37,  37,  23,  70,  57,   0,  56,  71  ],
[85,  93,  35,  42,  99,  90,  68,  99,  96,  93,   4, 118,  72,  64,  90,  94,  73,  31, 101, 104, 107,  30,  45,  26,  65,  69,  42,  47,  89,  39,  58,  81,  90,  85,  88,  11,  54,  42,  79,  38,  57, 101,  40,  45,  13,  72,  83,  91,  23,  27,  54,  26,  44,  40,  15,  24,  41,  72, 100, 110,  33,  75,  46,  37,  62,  39,  72,  48,  33,  10,  75,  67,  32,  83,  46,  88,  39,  88,  40,  62,  89,  81,  41,  62,  43,  90,  60,  62,  90,  64,  39,  84,  37,  65,  77,  98,  48,  56,   0,  21  ],
[86, 103,  34,  52, 106,  86,  85, 109, 102,  91,  17, 125,  74,  53, 103, 107,  71,  49, 109, 115, 115,  48,  37,  39,  68,  89,  47,  51,  98,  38,  59,  89,  86,  97,  91,  11,  66,  50,  82,  51,  61, 109,  51,  53,  26,  66,  98,  94,  38,  34,  74,  34,  39,  60,  33,  44,  32,  65, 102, 119,  37,  93,  38,  51,  74,  26,  81,  60,  52,  11,  95,  72,  42,  75,  66, 102,  43,  99,  55,  64,  96,  80,  28,  81,  41,  98,  54,  64,  85,  67,  59, 100,  42,  71,  94,  98,  43,  71,  21,   0   ]
];